a1 a2 energy
16.3755 16.375501 -0.73168505 
16.391875 16.391877 -0.73168505 
16.408251 16.408252 -0.76372024 
16.424626 16.424628 -0.79537838 
16.441002 16.441003 -0.82662344 
16.457377 16.457379 -0.85742486 
16.473753 16.473754 -0.88775732 
16.490128 16.49013 -0.91760044 
16.506504 16.506505 -0.94693825 
16.522879 16.522881 -0.97575877 
16.539255 16.539256 -1.0040535 
16.55563 16.555632 -1.0318169 
16.572006 16.572007 -1.059046 
16.588381 16.588383 -1.0857401 
16.604757 16.604758 -1.1119003 
16.621132 16.621134 -1.1375293 
16.637508 16.637509 -1.1626308 
16.653883 16.653885 -1.18721 
16.670259 16.67026 -1.2112725 
16.686634 16.686636 -1.2348249 
16.70301 16.703011 -1.2578744 
16.719385 16.719387 -1.2804283 
16.735761 16.735762 -1.3024947 
16.752136 16.752138 -1.3240818 
16.768512 16.768513 -1.3451978 
16.784887 16.784889 -1.3658515 
16.801263 16.801264 -1.3860514 
16.817638 16.81764 -1.4058064 
16.834014 16.834015 -1.4251252 
16.850389 16.850391 -1.4440169 
16.866765 16.866766 -1.4624901 
16.88314 16.883142 -1.480554 
16.899516 16.899517 -1.4982172 
16.915891 16.915893 -1.5154887 
16.932267 16.932268 -1.5323772 
16.948642 16.948644 -1.5488916 
16.965018 16.965019 -1.5650406 
16.981393 16.981395 -1.5808329 
16.997769 16.99777 -1.596277 
17.014144 17.014146 -1.6113815 
17.03052 17.030521 -1.6261549 
17.046895 17.046897 -1.6406057 
17.063271 17.063272 -1.6547422 
17.079646 17.079648 -1.6685726 
17.096022 17.096023 -1.6821052 
17.112397 17.112399 -1.695348 
17.128773 17.128774 -1.7083092 
17.145148 17.14515 -1.7209966 
17.161524 17.161525 -1.7334181 
17.177899 17.177901 -1.7455815 
17.194275 17.194276 -1.7574944 
17.21065 17.210652 -1.7691645 
17.227026 17.227027 -1.780599 
17.243402 17.243403 -1.7918055 
17.259777 17.259778 -1.8027912 
17.276152 17.276154 -1.8135633 
17.292528 17.292529 -1.8241286 
17.308903 17.308905 -1.8344943 
17.325279 17.32528 -1.844667 
17.341655 17.341656 -1.854655 
17.35803 17.358031 -1.8644667 
17.374405 17.374407 -1.8741085 
17.390781 17.390782 -1.8835868 
17.407156 17.407158 -1.8929078 
17.423532 17.423533 -1.9020776 
17.439908 17.439909 -1.911102 
17.456283 17.456284 -1.9199869 
17.472658 17.47266 -1.9287378 
17.489034 17.489035 -1.9373602 
17.505409 17.505411 -1.9458594 
17.521785 17.521786 -1.9542405 
17.538161 17.538162 -1.9625084 
17.554536 17.554537 -1.9706679 
17.570911 17.570913 -1.9787237 
17.587287 17.587288 -1.9866801 
17.603662 17.603664 -1.9945414 
17.620038 17.620039 -2.0023117 
17.636413 17.636415 -2.0099949 
17.652789 17.65279 -2.0175946 
17.669164 17.669166 -2.0251144 
17.68554 17.685541 -2.0325575 
17.701915 17.701917 -2.0399272 
17.718291 17.718292 -2.0472264 
17.734666 17.734668 -2.0544577 
17.751042 17.751043 -2.0616239 
17.767417 17.767419 -2.0687272 
17.783793 17.783794 -2.0757698 
17.800168 17.80017 -2.0827538 
17.816544 17.816545 -2.0896808 
17.832919 17.832921 -2.0965525 
17.849295 17.849296 -2.1033702 
17.86567 17.865672 -2.1101353 
17.882046 17.882047 -2.1168487 
17.898421 17.898423 -2.1235113 
17.914797 17.914798 -2.1301236 
17.931172 17.931174 -2.1366863 
17.947548 17.947549 -2.1431995 
17.963923 17.963925 -2.1496635 
17.980299 17.9803 -2.156078 
17.996674 17.996676 -2.162443 
18.01305 18.013051 -2.1687579 
18.029425 18.029427 -2.1750223 
18.045801 18.045802 -2.1812355 
18.062176 18.062178 -2.1873965 
18.078552 18.078553 -2.1935044 
18.094927 18.094929 -2.1995579 
18.111303 18.111304 -2.2055559 
18.127678 18.12768 -2.2114968 
18.144054 18.144055 -2.2173791 
18.160429 18.160431 -2.2232012 
18.176805 18.176806 -2.2289613 
18.19318 18.193182 -2.2346574 
18.209556 18.209557 -2.2402877 
18.225931 18.225933 -2.2458501 
18.242307 18.242308 -2.2513425 
18.258682 18.258684 -2.2567628 
18.275058 18.275059 -2.2621088 
18.291433 18.291435 -2.2673785 
18.307809 18.30781 -2.2725698 
18.324184 18.324186 -2.2776808 
18.34056 18.340561 -2.28271 
18.356935 18.356937 -2.2876559 
18.373311 18.373312 -2.2925177 
18.389686 18.389688 -2.2972951 
18.406062 18.406063 -2.3019885 
18.422437 18.422439 -2.3066071 
18.438813 18.438814 -2.3111351 
18.455188 18.45519 -2.3155843 
18.471564 18.471565 -2.3199558 
18.487939 18.487941 -2.3242484 
18.504315 18.504316 -2.3284553 
18.52069 18.520692 -2.3325604 
18.537066 18.537067 -2.3365353 
18.553441 18.553443 -2.3403394 
18.569817 18.569818 -2.3439261 
18.586192 18.586194 -2.347257 
18.602568 18.602569 -2.3503182 
18.618943 18.618945 -2.3531294 
18.635319 18.63532 -2.3557408 
18.651694 18.651696 -2.3582205 
18.66807 18.668071 -2.3606399 
18.684445 18.684447 -2.3630631 
18.700821 18.700822 -2.3655377 
18.717197 18.717198 -2.3680414 
18.733572 18.733573 -2.3706948 
18.749948 18.749949 -2.3735786 
18.766323 18.766324 -2.3767156 
18.782698 18.7827 -2.3801183 
18.799074 18.799075 -2.3837886 
18.815449 18.815451 -2.3877175 
18.831825 18.831826 -2.3918855 
18.848201 18.848202 -2.3962643 
18.864576 18.864577 -2.4008184 
18.880951 18.880953 -2.4055076 
18.897327 18.897328 -2.4102897 
18.913702 18.913704 -2.4151221 
18.930078 18.930079 -2.4199646 
18.946454 18.946455 -2.42478 
18.962829 18.96283 -2.4302599 
18.979204 18.979206 -2.4365888 
18.99558 18.995581 -2.442748 
19.011955 19.011957 -2.4487212 
19.028331 19.028332 -2.454496 
19.044707 19.044708 -2.4600628 
19.061082 19.061083 -2.4654149 
19.077457 19.077459 -2.4705478 
19.093833 19.093834 -2.4754589 
19.110208 19.11021 -2.4801468 
19.126584 19.126585 -2.4846116 
19.142959 19.142961 -2.4888541 
19.159335 19.159336 -2.4928756 
19.17571 19.175712 -2.4966781 
19.192086 19.192087 -2.5002639 
19.208461 19.208463 -2.5036353 
19.224837 19.224838 -2.5067949 
19.241212 19.241214 -2.5097454 
19.257588 19.257589 -2.5124896 
19.273963 19.273965 -2.5150301 
19.290339 19.29034 -2.5173697 
19.306714 19.306716 -2.5195113 
19.32309 19.323091 -2.5214575 
19.339465 19.339467 -2.5232115 
19.355841 19.355842 -2.524776 
19.372216 19.372218 -2.5261542 
19.388592 19.388593 -2.5273494 
19.404967 19.404969 -2.5283651 
19.421343 19.421344 -2.5292049 
19.437718 19.43772 -2.529873 
19.454094 19.454095 -2.5303738 
19.470469 19.470471 -2.5307123 
19.486845 19.486846 -2.530894 
19.50322 19.503222 -2.5309249 
19.519596 19.519597 -2.5308119 
19.535971 19.535973 -2.5305627 
19.552347 19.552348 -2.5301857 
19.568722 19.568724 -2.5296905 
19.585098 19.585099 -2.5290877 
19.601473 19.601475 -2.5283894 
19.617849 19.61785 -2.5276085 
19.634224 19.634226 -2.5267598 
19.6506 19.650601 -2.5258593 
19.666975 19.666977 -2.5249248 
19.683351 19.683352 -2.5239757 
19.699726 19.699728 -2.523033 
19.716102 19.716103 -2.5221199 
19.732477 19.732479 -2.5212612 
19.748853 19.748854 -2.5204837 
19.765228 19.76523 -2.5198161 
19.781604 19.781605 -2.519289 
19.797979 19.797981 -2.5189352 
19.814355 19.814356 -2.518789 
19.83073 19.830732 -2.5188868 
19.847106 19.847107 -2.5192667 
19.863481 19.863483 -2.5199685 
19.879857 19.879858 -2.5210335 
19.896232 19.896234 -2.5225043 
19.912608 19.912609 -2.5244251 
19.928983 19.928985 -2.5268407 
19.945359 19.94536 -2.5297973 
19.961734 19.961736 -2.5333412 
19.97811 19.978111 -2.5375194 
19.994485 19.994487 -2.542379 
20.010861 20.010862 -2.5479669 
20.027236 20.027238 -2.5543294 
20.043612 20.043613 -2.561512 
20.059987 20.059989 -2.5695589 
20.076363 20.076364 -2.5785129 
20.092738 20.09274 -2.5884145 
20.109114 20.109115 -2.5993015 
20.125489 20.125491 -2.6112089 
20.141865 20.141866 -2.6241679 
20.15824 20.158242 -2.6382056 
20.174616 20.174617 -2.6533442 
20.190991 20.190993 -2.6696005 
20.207367 20.207368 -2.6869851 
20.223742 20.223744 -2.705502 
20.240118 20.240119 -2.7251478 
20.256493 20.256495 -2.745911 
20.272869 20.27287 -2.7677716 
20.289244 20.289246 -2.7907005 
20.30562 20.305621 -2.8146593 
20.321995 20.321997 -2.8395995 
20.338371 20.338372 -2.8654629 
20.354747 20.354748 -2.8921814 
20.371122 20.371123 -2.919677 
20.387497 20.387499 -2.9478626 
20.403873 20.403874 -2.976642 
20.420248 20.42025 -3.0059113 
20.436624 20.436625 -3.0355598 
20.453 20.453001 -3.0654708 
20.469375 20.469376 -3.0955236 
20.48575 20.485752 -3.1255946 
20.502126 20.502127 -3.155559 
20.518501 20.518503 -3.1852928 
20.534877 20.534878 -3.2146742 
20.551253 20.551254 -3.2435857 
20.567628 20.567629 -3.271915 
20.584003 20.584005 -3.2995573 
20.600379 20.60038 -3.3264163 
20.616754 20.616756 -3.352405 
20.63313 20.633131 -3.3774472 
20.649506 20.649507 -3.4014774 
20.665881 20.665882 -3.4244417 
20.682256 20.682258 -3.446298 
20.698632 20.698633 -3.4670152 
20.715007 20.715009 -3.4865735 
20.731383 20.731384 -3.5049637 
20.747758 20.74776 -3.5221861 
20.764134 20.764135 -3.5382503 
20.780509 20.780511 -3.5531735 
20.796885 20.796886 -3.5669801 
20.81326 20.813262 -3.5796971 
20.829636 20.829637 -3.591345 
20.846011 20.846013 -3.6019661 
20.862387 20.862388 -3.6116072 
20.878762 20.878764 -3.6203167 
20.895138 20.895139 -3.6281434 
20.911513 20.911515 -3.6351361 
20.927889 20.92789 -3.6413425 
20.944264 20.944266 -3.6468095 
20.96064 20.960641 -3.6515821 
20.977015 20.977017 -3.6557034 
20.993391 20.993392 -3.6592145 
21.009766 21.009768 -3.6621541 
21.026142 21.026143 -3.664559 
21.042517 21.042519 -3.6664631 
21.058893 21.058894 -3.6678985 
21.075268 21.07527 -3.668895 
21.091644 21.091645 -3.6694802 
21.108019 21.108021 -3.66968 
21.124395 21.124396 -3.6695184 
21.14077 21.140772 -3.6690179 
21.157146 21.157147 -3.6681995 
21.173521 21.173523 -3.6670828 
21.189897 21.189898 -3.6656867 
21.206272 21.206274 -3.6640288 
21.222648 21.222649 -3.6621262 
21.239023 21.239025 -3.659995 
21.255399 21.2554 -3.6576511 
21.271774 21.271776 -3.6551098 
21.28815 21.288152 -3.6523861 
21.304525 21.304527 -3.6494948 
21.320901 21.320903 -3.6464504 
21.337276 21.337278 -3.6432672 
21.353652 21.353654 -3.6399593 
21.370027 21.370029 -3.6365409 
21.386403 21.386405 -3.6330257 
21.402778 21.40278 -3.6294274 
21.419154 21.419156 -3.6257595 
21.435529 21.435531 -3.6220351 
21.451905 21.451907 -3.6182673 
21.46828 21.468282 -3.6144686 
21.484656 21.484658 -3.6106512 
21.501031 21.501033 -3.6068269 
21.517407 21.517409 -3.603007 
21.533782 21.533784 -3.5992024 
21.550158 21.55016 -3.5954231 
21.566533 21.566535 -3.5916789 
21.582909 21.582911 -3.5879788 
21.599284 21.599286 -3.5843311 
21.61566 21.615662 -3.5807435 
21.632035 21.632037 -3.577223 
21.648411 21.648413 -3.5737758 
21.664786 21.664788 -3.5704076 
21.681162 21.681164 -3.5671233 
21.697537 21.697539 -3.5639272 
21.713913 21.713915 -3.5608228 
21.730288 21.73029 -3.5578132 
21.746664 21.746666 -3.5549007 
21.763039 21.763041 -3.552087 
21.779415 21.779417 -3.5493734 
21.79579 21.795792 -3.5467606 
21.812166 21.812168 -3.5442489 
21.828541 21.828543 -3.541838 
21.844917 21.844919 -3.5395273 
21.861292 21.861294 -3.5373158 
21.877668 21.87767 -3.5352022 
21.894043 21.894045 -3.5331849 
21.910419 21.910421 -3.5312618 
21.926794 21.926796 -3.5294309 
21.94317 21.943172 -3.5276898 
21.959545 21.959547 -3.5260359 
21.975921 21.975923 -3.5244665 
21.992296 21.992298 -3.5229788 
22.008672 22.008674 -3.5215698 
22.025047 22.025049 -3.5202365 
22.041423 22.041425 -3.5189758 
22.057798 22.0578 -3.5177845 
22.074174 22.074176 -3.5166594 
22.090549 22.090551 -3.5155973 
22.106925 22.106927 -3.5145951 
22.1233 22.123302 -3.5136494 
22.139676 22.139678 -3.5127572 
22.156051 22.156053 -3.5119152 
22.172427 22.172429 -3.5111202 
22.188802 22.188804 -3.5103693 
22.205178 22.20518 -3.5096593 
22.221553 22.221555 -3.5089868 
22.237929 22.237931 -3.5083474 
22.254304 22.254306 -3.5077385 
22.27068 22.270682 -3.5071572 
22.287055 22.287057 -3.5066009 
22.303431 22.303433 -3.5060671 
22.319806 22.319808 -3.5055531 
22.336182 22.336184 -3.5050567 
22.352557 22.352559 -3.5045752 
22.368933 22.368935 -3.5041065 
22.385308 22.38531 -3.5036482 
22.401684 22.401686 -3.5031981 
22.418059 22.418061 -3.502754 
22.434435 22.434437 -3.5023139 
22.45081 22.450812 -3.5018757 
22.467186 22.467188 -3.5014374 
22.483561 22.483563 -3.5009972 
22.499937 22.499939 -3.500553 
22.516312 22.516314 -3.5001032 
22.532688 22.53269 -3.499646 
22.549063 22.549065 -3.4991797 
22.565439 22.565441 -3.4987025 
22.581814 22.581816 -3.4982129 
22.59819 22.598192 -3.4977094 
22.614565 22.614567 -3.4971903 
22.630941 22.630943 -3.4966543 
22.647317 22.647318 -3.4961 
22.663692 22.663694 -3.4955258 
22.680068 22.680069 -3.4949305 
22.696443 22.696445 -3.4943128 
22.712819 22.71282 -3.4936714 
22.729194 22.729196 -3.4930051 
22.74557 22.745571 -3.4923126 
22.761945 22.761947 -3.4915929 
22.778321 22.778322 -3.4908447 
22.794696 22.794698 -3.4900671 
22.811072 22.811073 -3.4892588 
22.827447 22.827449 -3.488419 
22.843823 22.843824 -3.4875466 
22.860198 22.8602 -3.4866405 
22.876574 22.876575 -3.4856999 
22.892949 22.892951 -3.4847239 
22.909325 22.909326 -3.4837115 
22.9257 22.925702 -3.4826619 
22.942076 22.942077 -3.4815742 
22.958451 22.958453 -3.4804477 
22.974827 22.974828 -3.4792814 
22.991202 22.991204 -3.4780746 
23.007578 23.007579 -3.4768267 
23.023953 23.023955 -3.4755367 
23.040329 23.04033 -3.4742041 
23.056704 23.056706 -3.4728281 
23.07308 23.073081 -3.4714081 
23.089455 23.089457 -3.4699433 
23.10583 23.105832 -3.4684332 
23.122206 23.122208 -3.4668771 
23.138582 23.138583 -3.4652745 
23.154957 23.154959 -3.4636247 
23.171333 23.171334 -3.4619271 
23.187708 23.18771 -3.4601813 
23.204083 23.204085 -3.4583867 
23.220459 23.220461 -3.4565426 
23.236835 23.236836 -3.4546488 
23.25321 23.253212 -3.4527046 
23.269586 23.269587 -3.4507095 
23.285961 23.285963 -3.4486631 
23.302336 23.302338 -3.446565 
23.318712 23.318714 -3.4444147 
23.335088 23.335089 -3.4422118 
23.351463 23.351465 -3.4399558 
23.367839 23.36784 -3.4376464 
23.384214 23.384216 -3.4352832 
23.400589 23.400591 -3.4328658 
23.416965 23.416967 -3.4303938 
23.43334 23.433342 -3.4278669 
23.449716 23.449718 -3.4252847 
23.466092 23.466093 -3.4226469 
23.482467 23.482469 -3.4199532 
23.498842 23.498844 -3.4172033 
23.515218 23.51522 -3.4143969 
23.531593 23.531595 -3.4115336 
23.547969 23.547971 -3.4086132 
23.564345 23.564346 -3.4056355 
23.58072 23.580722 -3.4026002 
23.597095 23.597097 -3.3995069 
23.613471 23.613473 -3.3963556 
23.629846 23.629848 -3.3931459 
23.646222 23.646224 -3.3898776 
23.662598 23.662599 -3.3865506 
23.678973 23.678975 -3.3831646 
23.695348 23.69535 -3.3797193 
23.711724 23.711726 -3.3762147 
23.728099 23.728101 -3.3726506 
23.744475 23.744477 -3.3690267 
23.760851 23.760852 -3.365343 
23.777226 23.777228 -3.3615992 
23.793601 23.793603 -3.3577952 
23.809977 23.809979 -3.3539309 
23.826352 23.826354 -3.3500061 
23.842728 23.84273 -3.3460207 
23.859103 23.859105 -3.3419747 
23.875479 23.875481 -3.3378678 
23.891854 23.891856 -3.3337 
23.90823 23.908232 -3.3294712 
23.924605 23.924607 -3.3251813 
23.940981 23.940983 -3.3208302 
23.957356 23.957358 -3.3164179 
23.973732 23.973734 -3.3119442 
23.990107 23.990109 -3.3074092 
24.006483 24.006485 -3.3028127 
24.022858 24.02286 -3.2981547 
24.039234 24.039236 -3.2934352 
24.055609 24.055611 -3.2886542 
24.071985 24.071987 -3.2838115 
24.08836 24.088362 -3.2789073 
24.104736 24.104738 -3.2739413 
24.121111 24.121113 -3.2689138 
24.137487 24.137489 -3.2638246 
24.153862 24.153864 -3.2586737 
24.170238 24.17024 -3.2534612 
24.186613 24.186615 -3.2481871 
24.202989 24.202991 -3.2428514 
24.219364 24.219366 -3.2374541 
24.23574 24.235742 -3.2319952 
24.252115 24.252117 -3.2264748 
24.268491 24.268493 -3.2208929 
24.284866 24.284868 -3.2152495 
24.301242 24.301244 -3.2095448 
24.317617 24.317619 -3.2037787 
24.333993 24.333995 -3.1979514 
24.350368 24.35037 -3.1920629 
24.366744 24.366746 -3.1861133 
24.383119 24.383121 -3.1801026 
24.399495 24.399497 -3.1740309 
24.41587 24.415872 -3.1678984 
24.432246 24.432248 -3.161705 
24.448621 24.448623 -3.155451 
24.464997 24.464999 -3.1491364 
24.481372 24.481374 -3.1427614 
24.497748 24.49775 -3.136326 
24.514123 24.514125 -3.1298303 
24.530499 24.530501 -3.1232745 
24.546874 24.546876 -3.1166588 
24.56325 24.563252 -3.1099832 
24.579625 24.579627 -3.1032478 
24.596001 24.596003 -3.096453 
24.612376 24.612378 -3.0895987 
24.628752 24.628754 -3.0826851 
24.645127 24.645129 -3.0757125 
24.661503 24.661505 -3.0686809 
24.677878 24.67788 -3.0615905 
24.694254 24.694256 -3.0544415 
24.710629 24.710631 -3.0472341 
24.727005 24.727007 -3.0399685 
24.74338 24.743382 -3.0326449 
24.759756 24.759758 -3.0252634 
24.776131 24.776133 -3.0178242 
24.792507 24.792509 -3.0103276 
24.808882 24.808884 -3.0027738 
24.825258 24.82526 -2.9951629 
24.841633 24.841635 -2.9874953 
24.858009 24.858011 -2.979771 
24.874384 24.874386 -2.9719904 
24.89076 24.890762 -2.9641537 
24.907135 24.907137 -2.9562611 
24.923511 24.923513 -2.9483129 
24.939886 24.939888 -2.9403093 
24.956262 24.956264 -2.9322505 
24.972637 24.972639 -2.9241369 
24.989013 24.989015 -2.9159686 
25.005388 25.00539 -2.907746 
25.021764 25.021766 -2.8994694 
25.038139 25.038141 -2.8911389 
25.054515 25.054517 -2.8827549 
25.07089 25.070892 -2.8743177 
25.087266 25.087268 -2.8658276 
25.103641 25.103643 -2.8572849 
25.120017 25.120019 -2.8486898 
25.136392 25.136394 -2.8400427 
25.152768 25.15277 -2.8313439 
25.169143 25.169145 -2.8225937 
25.185519 25.185521 -2.8137924 
25.201894 25.201896 -2.8049404 
25.21827 25.218272 -2.796038 
25.234645 25.234647 -2.7870855 
25.251021 25.251023 -2.7780833 
25.267396 25.267398 -2.7690317 
25.283772 25.283774 -2.7599311 
25.300147 25.300149 -2.7507818 
25.316523 25.316525 -2.7415842 
25.332898 25.3329 -2.7323387 
25.349274 25.349276 -2.7230456 
25.365649 25.365651 -2.7137054 
25.382025 25.382027 -2.7043183 
25.3984 25.398402 -2.6948848 
25.414776 25.414778 -2.6854053 
25.431151 25.431153 -2.6758802 
25.447527 25.447529 -2.6663099 
25.463902 25.463904 -2.6566947 
25.480278 25.48028 -2.6470351 
25.496653 25.496655 -2.6373316 
25.513029 25.513031 -2.6275845 
25.529404 25.529406 -2.6177942 
25.54578 25.545782 -2.6079613 
25.562155 25.562157 -2.5980861 
25.578531 25.578533 -2.5881691 
25.594906 25.594908 -2.5782106 
25.611282 25.611284 -2.5682113 
25.627657 25.627659 -2.5581715 
25.644033 25.644035 -2.5480917 
25.660408 25.66041 -2.5379723 
25.676784 25.676786 -2.5278139 
25.693159 25.693161 -2.5176168 
25.709535 25.709537 -2.5073816 
25.72591 25.725912 -2.4971088 
25.742286 25.742288 -2.4867989 
25.758662 25.758663 -2.4764523 
25.775037 25.775039 -2.4660695 
25.791413 25.791414 -2.4556511 
25.807788 25.80779 -2.4451975 
25.824164 25.824165 -2.4347093 
25.840539 25.840541 -2.424187 
25.856915 25.856916 -2.413631 
25.87329 25.873292 -2.403042 
25.889666 25.889667 -2.3924205 
25.906041 25.906043 -2.3817669 
25.922417 25.922418 -2.3710818 
25.938792 25.938794 -2.3603658 
25.955168 25.955169 -2.3496194 
25.971543 25.971545 -2.3388432 
25.987919 25.98792 -2.3280376 
26.004294 26.004296 -2.3172034 
26.02067 26.020671 -2.3063409 
26.037045 26.037047 -2.2954509 
26.053421 26.053422 -2.2845338 
26.069796 26.069798 -2.2735902 
26.086172 26.086173 -2.2626208 
26.102547 26.102549 -2.251626 
26.118923 26.118924 -2.2406065 
26.135298 26.1353 -2.2295629 
26.151674 26.151675 -2.2184957 
26.168049 26.168051 -2.2074056 
26.184425 26.184426 -2.1962931 
26.2008 26.200802 -2.1851588 
26.217175 26.217177 -2.1740035 
26.233551 26.233553 -2.1628275 
26.249927 26.249928 -2.1516316 
26.266302 26.266304 -2.1404164 
26.282678 26.282679 -2.1291825 
26.299053 26.299055 -2.1179306 
26.315428 26.31543 -2.1066611 
26.331804 26.331806 -2.0953748 
26.34818 26.348181 -2.0840723 
26.364555 26.364557 -2.0727543 
26.380931 26.380932 -2.0614213 
26.397306 26.397308 -2.0500739 
26.413681 26.413683 -2.0387129 
26.430057 26.430059 -2.0273389 
26.446433 26.446434 -2.0159525 
26.462808 26.46281 -2.0045543 
26.479184 26.479185 -1.9931451 
26.495559 26.495561 -1.9817254 
26.511934 26.511936 -1.9702959 
26.52831 26.528312 -1.9588572 
26.544685 26.544687 -1.9474101 
26.561061 26.561063 -1.9359551 
26.577437 26.577438 -1.924493 
26.593812 26.593814 -1.9130243 
26.610187 26.610189 -1.9015498 
26.626563 26.626565 -1.89007 
26.642938 26.64294 -1.8785858 
26.659314 26.659316 -1.8670976 
26.67569 26.675691 -1.8556063 
26.692065 26.692067 -1.8441125 
26.70844 26.708442 -1.8326167 
26.724816 26.724818 -1.8211198 
26.741191 26.741193 -1.8096223 
26.757567 26.757569 -1.798125 
26.773943 26.773944 -1.7866284 
26.790318 26.79032 -1.7751334 
26.806693 26.806695 -1.7636405 
26.823069 26.823071 -1.7521504 
26.839444 26.839446 -1.7406638 
26.85582 26.855822 -1.7291813 
26.872196 26.872197 -1.7177037 
26.888571 26.888573 -1.7062316 
26.904946 26.904948 -1.6947656 
26.921322 26.921324 -1.6833065 
26.937697 26.937699 -1.6718548 
26.954073 26.954075 -1.6604114 
26.970448 26.97045 -1.6489768 
26.986824 26.986826 -1.6375517 
27.003199 27.003201 -1.6261367 
27.019575 27.019577 -1.6147326 
27.03595 27.035952 -1.60334 
27.052326 27.052328 -1.5919596 
27.068701 27.068703 -1.580592 
27.085077 27.085079 -1.5692378 
27.101452 27.101454 -1.5578978 
27.117828 27.11783 -1.5465726 
27.134203 27.134205 -1.5352629 
27.150579 27.150581 -1.5239692 
27.166954 27.166956 -1.5126923 
27.18333 27.183332 -1.5014328 
27.199705 27.199707 -1.4901913 
27.216081 27.216083 -1.4789685 
27.232456 27.232458 -1.4677651 
27.248832 27.248834 -1.4565816 
27.265207 27.265209 -1.4454187 
27.281583 27.281585 -1.4342771 
27.297958 27.29796 -1.4231573 
27.314334 27.314336 -1.41206 
27.330709 27.330711 -1.4009859 
27.347085 27.347087 -1.3899354 
27.36346 27.363462 -1.3789094 
27.379836 27.379838 -1.3679083 
27.396211 27.396213 -1.3569327 
27.412587 27.412589 -1.3459834 
27.428962 27.428964 -1.3350608 
27.445338 27.44534 -1.3241657 
27.461713 27.461715 -1.3132985 
27.478089 27.478091 -1.3024599 
27.494464 27.494466 -1.2916505 
27.51084 27.510842 -1.2808708 
27.527215 27.527217 -1.2701215 
27.543591 27.543593 -1.2594031 
27.559966 27.559968 -1.2487161 
27.576342 27.576344 -1.2380612 
27.592717 27.592719 -1.2274388 
27.609093 27.609095 -1.2168497 
27.625468 27.62547 -1.2062942 
27.641844 27.641846 -1.195773 
27.658219 27.658221 -1.1852866 
27.674595 27.674597 -1.1748355 
27.69097 27.690972 -1.1644203 
27.707346 27.707348 -1.1540415 
27.723721 27.723723 -1.1436996 
27.740097 27.740099 -1.1333951 
27.756472 27.756474 -1.1231286 
27.772848 27.77285 -1.1129005 
27.789223 27.789225 -1.1027113 
27.805599 27.805601 -1.0925615 
27.821974 27.821976 -1.0824517 
27.83835 27.838352 -1.0723823 
27.854725 27.854727 -1.0623537 
27.871101 27.871103 -1.0523665 
27.887476 27.887478 -1.0424211 
27.903852 27.903854 -1.0325179 
27.920227 27.920229 -1.0226574 
27.936603 27.936605 -1.0128401 
27.952978 27.95298 -1.0030664 
27.969354 27.969356 -0.99333669 
27.985729 27.985731 -0.98365142 
28.002105 28.002107 -0.974011 
28.01848 28.018482 -0.96441585 
28.034856 28.034858 -0.95486638 
28.051231 28.051233 -0.94536296 
28.067607 28.067609 -0.93590601 
28.083982 28.083984 -0.92649589 
28.100358 28.10036 -0.91713299 
28.116733 28.116735 -0.90781767 
28.133109 28.133111 -0.8985503 
28.149484 28.149486 -0.88933123 
28.16586 28.165862 -0.88016081 
28.182235 28.182237 -0.87103938 
28.198611 28.198613 -0.86196727 
28.214986 28.214988 -0.85294481 
28.231362 28.231364 -0.84397232 
28.247737 28.247739 -0.8350501 
28.264113 28.264115 -0.82617846 
28.280488 28.28049 -0.81735771 
28.296864 28.296866 -0.80858812 
28.313239 28.313241 -0.79986997 
28.329615 28.329617 -0.79120355 
28.34599 28.345992 -0.78258912 
28.362366 28.362368 -0.77402694 
28.378741 28.378744 -0.76551726 
28.395117 28.395119 -0.75706032 
28.411492 28.411495 -0.74865636 
28.427868 28.42787 -0.74030561 
28.444243 28.444246 -0.73200829 
28.460619 28.460621 -0.72376461 
28.476994 28.476997 -0.71557478 
28.49337 28.493372 -0.70743899 
28.509745 28.509748 -0.69935745 
28.526121 28.526123 -0.69133032 
28.542496 28.542499 -0.68335779 
28.558872 28.558874 -0.67544003 
28.575247 28.57525 -0.66757719 
28.591623 28.591625 -0.65976942 
28.607998 28.608001 -0.65201687 
28.624374 28.624376 -0.64431969 
28.640749 28.640752 -0.63667799 
28.657125 28.657127 -0.6290919 
28.6735 28.673503 -0.62156153 
28.689876 28.689878 -0.61408699 
28.706251 28.706254 -0.60666839 
28.722627 28.722629 -0.59930581 
28.739002 28.739005 -0.59199933 
28.755378 28.75538 -0.58474904 
28.771753 28.771756 -0.577555 
28.788129 28.788131 -0.57041728 
28.804504 28.804507 -0.56333593 
28.82088 28.820882 -0.55631099 
28.837255 28.837258 -0.54934252 
28.853631 28.853633 -0.54243053 
28.870007 28.870009 -0.53557506 
28.886382 28.886384 -0.52877613 
28.902758 28.90276 -0.52203374 
28.919133 28.919135 -0.5153479 
28.935509 28.935511 -0.50871861 
28.951884 28.951886 -0.50214585 
28.96826 28.968262 -0.49562962 
28.984635 28.984637 -0.48916988 
29.001011 29.001013 -0.48276661 
29.017386 29.017388 -0.47641977 
29.033762 29.033764 -0.47012931 
29.050137 29.050139 -0.46389518 
29.066513 29.066515 -0.45771733 
29.082888 29.08289 -0.45159569 
29.099264 29.099266 -0.44553019 
29.115639 29.115641 -0.43952075 
29.132015 29.132017 -0.43356729 
29.14839 29.148392 -0.42766972 
29.164766 29.164768 -0.42182794 
29.181141 29.181143 -0.41604185 
29.197517 29.197519 -0.41031134 
29.213892 29.213894 -0.4046363 
29.230268 29.23027 -0.39901659 
29.246643 29.246645 -0.39345211 
29.263019 29.263021 -0.38794271 
29.279394 29.279396 -0.38248825 
29.29577 29.295772 -0.37708859 
29.312145 29.312147 -0.37174359 
29.32852 29.328523 -0.36645307 
29.344896 29.344898 -0.36121689 
29.361272 29.361274 -0.35603488 
29.377647 29.377649 -0.35090685 
29.394023 29.394025 -0.34583265 
29.410398 29.4104 -0.34081207 
29.426773 29.426776 -0.33584494 
29.443149 29.443151 -0.33093106 
29.459525 29.459527 -0.32607023 
29.4759 29.475902 -0.32126225 
29.492276 29.492278 -0.31650691 
29.508651 29.508653 -0.311804 
29.525026 29.525029 -0.30715329 
29.541402 29.541404 -0.30255458 
29.557778 29.55778 -0.29800763 
29.574153 29.574155 -0.29351221 
29.590529 29.590531 -0.28906809 
29.606904 29.606906 -0.28467502 
29.623279 29.623282 -0.28033276 
29.639655 29.639657 -0.27604107 
29.65603 29.656033 -0.27179969 
29.672406 29.672408 -0.26760836 
29.688782 29.688784 -0.26346683 
29.705157 29.705159 -0.25937484 
29.721532 29.721535 -0.2553321 
29.737908 29.73791 -0.25133837 
29.754283 29.754286 -0.24739335 
29.770659 29.770661 -0.24349677 
29.787035 29.787037 -0.23964836 
29.80341 29.803412 -0.23584782 
29.819785 29.819788 -0.23209487 
29.836161 29.836163 -0.22838922 
29.852536 29.852539 -0.22473057 
29.868912 29.868914 -0.22111863 
29.885288 29.88529 -0.2175531 
29.901663 29.901665 -0.21403368 
29.918038 29.918041 -0.21056007 
29.934414 29.934416 -0.20713194 
29.950789 29.950792 -0.203749 
29.967165 29.967167 -0.20041094 
29.983541 29.983543 -0.19711743 
29.999916 29.999918 -0.19386817 
30.016291 30.016294 -0.19066283 
30.032667 30.032669 -0.1875011 
30.049042 30.049045 -0.18438264 
30.065418 30.06542 -0.18130714 
30.081793 30.081796 -0.17827427 
30.098169 30.098171 -0.1752837 
30.114544 30.114547 -0.1723351 
30.13092 30.130922 -0.16942814 
30.147295 30.147298 -0.16656249 
30.163671 30.163673 -0.16373781 
30.180046 30.180049 -0.16095377 
30.196422 30.196424 -0.15821002 
30.212797 30.2128 -0.15550624 
30.229173 30.229175 -0.15284209 
30.245548 30.245551 -0.15021721 
30.261924 30.261926 -0.14763128 
30.278299 30.278302 -0.14508395 
30.294675 30.294677 -0.14257488 
30.31105 30.311053 -0.14010372 
30.327426 30.327428 -0.13767014 
30.343801 30.343804 -0.13527378 
30.360177 30.360179 -0.1329143 
30.376552 30.376555 -0.13059136 
30.392928 30.39293 -0.1283046 
30.409303 30.409306 -0.1260537 
30.425679 30.425681 -0.12383829 
30.442054 30.442057 -0.12165803 
30.45843 30.458432 -0.11951258 
30.474805 30.474808 -0.11740159 
30.491181 30.491183 -0.11532472 
30.507556 30.507559 -0.11328161 
30.523932 30.523934 -0.11127192 
30.540307 30.54031 -0.10929531 
30.556683 30.556685 -0.10735142 
30.573058 30.573061 -0.10543993 
30.589434 30.589436 -0.10356048 
30.605809 30.605812 -0.10171272 
30.622185 30.622187 -0.099896319 
30.63856 30.638563 -0.098110929 
30.654936 30.654938 -0.096356209 
30.671311 30.671314 -0.094631818 
30.687687 30.687689 -0.092937415 
30.704062 30.704065 -0.091272661 
30.720438 30.72044 -0.089637216 
30.736813 30.736816 -0.088030745 
30.753189 30.753191 -0.086452909 
30.769564 30.769567 -0.084903373 
30.78594 30.785942 -0.083381804 
30.802315 30.802318 -0.081887867 
30.818691 30.818693 -0.080421231 
30.835066 30.835069 -0.078981565 
30.851442 30.851444 -0.077568539 
30.867817 30.86782 -0.076181825 
30.884193 30.884195 -0.074821098 
30.900568 30.900571 -0.073486031 
30.916944 30.916946 -0.072176301 
30.933319 30.933322 -0.070891585 
30.949695 30.949697 -0.069631564 
30.96607 30.966073 -0.068395918 
30.982446 30.982448 -0.067184329 
30.998821 30.998824 -0.065996483 
31.015197 31.015199 -0.064832065 
31.031572 31.031575 -0.063690762 
31.047948 31.04795 -0.062572266 
31.064323 31.064326 -0.061476266 
31.080699 31.080701 -0.060402457 
31.097074 31.097077 -0.059350534 
31.11345 31.113452 -0.058320194 
31.129825 31.129828 -0.057311135 
31.146201 31.146203 -0.05632306 
31.162576 31.162579 -0.055355671 
31.178952 31.178954 -0.054408673 
31.195327 31.19533 -0.053481958 
31.211703 31.211705 -0.052574847 
31.228078 31.228081 -0.051687257 
31.244454 31.244456 -0.050818902 
31.260829 31.260832 -0.049969497 
31.277205 31.277207 -0.04913876 
31.29358 31.293583 -0.048326411 
31.309956 31.309958 -0.047532172 
31.326331 31.326334 -0.046755769 
31.342707 31.342709 -0.045996927 
31.359082 31.359085 -0.045255376 
31.375458 31.37546 -0.044530847 
31.391833 31.391836 -0.043823074 
31.408209 31.408211 -0.043131794 
31.424584 31.424587 -0.042456743 
31.44096 31.440962 -0.041797664 
31.457335 31.457338 -0.041154299 
31.473711 31.473713 -0.040526394 
31.490086 31.490089 -0.039913696 
31.506462 31.506464 -0.039315957 
31.522837 31.52284 -0.038732928 
31.539213 31.539215 -0.038164365 
31.555588 31.555591 -0.037610025 
31.571964 31.571966 -0.037069669 
31.58834 31.588342 -0.036543059 
31.604715 31.604717 -0.036029959 
31.62109 31.621093 -0.035530138 
31.637466 31.637468 -0.035043364 
31.653841 31.653844 -0.034569411 
31.670217 31.670219 -0.034108052 
31.686592 31.686595 -0.033659066 
31.702968 31.70297 -0.033222231 
31.719343 31.719346 -0.03279733 
31.735719 31.735721 -0.032384147 
31.752094 31.752097 -0.031982469 
31.76847 31.768472 -0.031592087 
31.784845 31.784848 -0.031212791 
31.801221 31.801223 -0.030844376 
31.817596 31.817599 -0.030486639 
31.833972 31.833974 -0.03013938 
31.850347 31.85035 -0.0298024 
31.866723 31.866725 -0.029475503 
31.883098 31.883101 -0.029158495 
31.899474 31.899476 -0.028851187 
31.915849 31.915852 -0.02855339 
31.932225 31.932227 -0.028264916 
31.9486 31.948603 -0.027985583 
31.964976 31.964978 -0.02771521 
31.981352 31.981354 -0.027453617 
31.997727 31.997729 -0.027200628 
32.014102 32.014105 -0.026956068 
32.030478 32.03048 -0.026719767 
32.046854 32.046856 -0.026491554 
32.063229 32.063231 -0.026271262 
32.079605 32.079607 -0.026058727 
32.09598 32.095982 -0.025853786 
32.112355 32.112358 -0.02565628 
32.128731 32.128733 -0.02546605 
32.145107 32.145109 -0.025488155 
32.161482 32.161484 -0.02564943 
32.177858 32.17786 -0.025809582 
32.194233 32.194235 -0.025968619 
32.210608 32.210611 -0.026126547 
32.226984 32.226986 -0.026283372 
32.24336 32.243362 -0.0264391 
32.259735 32.259737 -0.026593739 
32.276111 32.276113 -0.026747294 
32.292486 32.292488 -0.026899772 
32.308861 32.308864 -0.02705118 
32.325237 32.325239 -0.027201523 
32.341613 32.341615 -0.027350807 
32.357988 32.35799 -0.02749904 
32.374364 32.374366 -0.027646227 
32.390739 32.390741 -0.027792375 
32.407114 32.407117 -0.027937489 
32.42349 32.423492 -0.028081576 
32.439866 32.439868 -0.028224641 
32.456241 32.456243 -0.028366692 
32.472617 32.472619 -0.028507733 
32.488992 32.488994 -0.028647771 
32.505367 32.50537 -0.028786811 
32.521743 32.521745 -0.02892486 
32.538119 32.538121 -0.029061924 
32.554494 32.554496 -0.029198008 
32.57087 32.570872 -0.029333118 
32.587245 32.587247 -0.02946726 
32.60362 32.603623 -0.02960044 
32.619996 32.619998 -0.029732662 
32.636372 32.636374 -0.029863934 
32.652747 32.652749 -0.029994261 
32.669123 32.669125 -0.030123648 
32.685498 32.6855 -0.030252101 
32.701873 32.701876 -0.030379625 
32.718249 32.718251 -0.030506227 
32.734625 32.734627 -0.03063191 
32.751 32.751002 -0.030756682 
32.767375 32.767378 -0.030880548 
32.783751 32.783753 -0.031003512 
32.800126 32.800129 -0.03112558 
32.816502 32.816504 -0.031246758 
32.832878 32.83288 -0.03136705 
32.849253 32.849255 -0.031486463 
32.865628 32.865631 -0.031605001 
32.882004 32.882006 -0.03172267 
32.898379 32.898382 -0.031839475 
32.914755 32.914757 -0.031955421 
32.931131 32.931133 -0.032070513 
32.947506 32.947508 -0.032184757 
32.963881 32.963884 -0.032298157 
32.980257 32.980259 -0.032410718 
32.996632 32.996635 -0.032522446 
33.013008 33.01301 -0.032633345 
33.029384 33.029386 -0.032743421 
33.045759 33.045761 -0.032852679 
33.062134 33.062137 -0.032961122 
33.07851 33.078512 -0.033068758 
33.094885 33.094888 -0.033175589 
33.111261 33.111263 -0.033281621 
33.127637 33.127639 -0.033386859 
33.144012 33.144014 -0.033491308 
33.160387 33.16039 -0.033594973 
33.176763 33.176765 -0.033697857 
33.193138 33.193141 -0.033799966 
33.209514 33.209516 -0.033901305 
33.22589 33.225892 -0.034001878 
33.242265 33.242267 -0.03410169 
33.25864 33.258643 -0.034200746 
33.275016 33.275018 -0.034299049 
33.291391 33.291394 -0.034396606 
33.307767 33.307769 -0.034493419 
33.324143 33.324145 -0.034589494 
33.340518 33.34052 -0.034684835 
33.356893 33.356896 -0.034779447 
33.373269 33.373271 -0.034873334 
33.389644 33.389647 -0.0349665 
33.40602 33.406022 -0.035058951 
33.422396 33.422398 -0.035150689 
33.438771 33.438773 -0.03524172 
33.455146 33.455149 -0.035332048 
33.471522 33.471524 -0.035421677 
33.487897 33.4879 -0.035510612 
33.504273 33.504275 -0.035598857 
33.520649 33.520651 -0.035686415 
33.537024 33.537026 -0.035773291 
33.553399 33.553402 -0.03585949 
33.569775 33.569777 -0.035945015 
33.58615 33.586153 -0.036029871 
33.602526 33.602528 -0.036114062 
33.618901 33.618904 -0.036197591 
33.635277 33.635279 -0.036280463 
33.651652 33.651655 -0.036362682 
33.668028 33.66803 -0.036444252 
33.684403 33.684406 -0.036525177 
33.700779 33.700781 -0.03660546 
33.717154 33.717157 -0.036685107 
33.73353 33.733532 -0.03676412 
33.749905 33.749908 -0.036842504 
33.766281 33.766283 -0.036920262 
33.782656 33.782659 -0.036997399 
33.799032 33.799034 -0.037073918 
33.815407 33.81541 -0.037149823 
33.831783 33.831785 -0.037225118 
33.848158 33.848161 -0.037299807 
33.864534 33.864536 -0.037373893 
33.880909 33.880912 -0.03744738 
33.897285 33.897287 -0.037520272 
33.91366 33.913663 -0.037592572 
33.930036 33.930038 -0.037664285 
33.946411 33.946414 -0.037735413 
33.962787 33.962789 -0.037805961 
33.979162 33.979165 -0.037875933 
33.995538 33.99554 -0.03794533 
34.011913 34.011916 -0.038014159 
34.028289 34.028291 -0.038082421 
34.044664 34.044667 -0.03815012 
34.06104 34.061042 -0.03821726 
34.077415 34.077418 -0.038283845 
34.093791 34.093793 -0.038349877 
34.110166 34.110169 -0.038415361 
34.126542 34.126544 -0.038480299 
34.142917 34.14292 -0.038544696 
34.159293 34.159295 -0.038608554 
34.175668 34.175671 -0.038671877 
34.192044 34.192046 -0.038734668 
34.208419 34.208422 -0.038796931 
34.224795 34.224797 -0.038858669 
34.24117 34.241173 -0.038919885 
34.257546 34.257548 -0.038980582 
34.273921 34.273924 -0.039040765 
34.290297 34.290299 -0.039100435 
34.306672 34.306675 -0.039159597 
34.323048 34.32305 -0.039218253 
34.339423 34.339426 -0.039276407 
34.355799 34.355801 -0.039334061 
34.372174 34.372177 -0.03939122 
34.38855 34.388552 -0.039447886 
34.404925 34.404928 -0.039504062 
34.421301 34.421303 -0.039559751 
34.437676 34.437679 -0.039614957 
34.454052 34.454054 -0.039669683 
34.470427 34.47043 -0.039723931 
34.486803 34.486805 -0.039777704 
34.503178 34.503181 -0.039831006 
34.519554 34.519556 -0.03988384 
34.53593 34.535932 -0.039936209 
34.552305 34.552307 -0.039988115 
34.56868 34.568683 -0.040039561 
34.585056 34.585058 -0.040090551 
34.601431 34.601434 -0.040141088 
34.617807 34.617809 -0.040191173 
34.634183 34.634185 -0.040240811 
34.650558 34.65056 -0.040290004 
34.666933 34.666936 -0.040338754 
34.683309 34.683311 -0.040387066 
34.699684 34.699687 -0.040434941 
34.71606 34.716062 -0.040482382 
34.732436 34.732438 -0.040529392 
34.748811 34.748813 -0.040575975 
34.765186 34.765189 -0.040622132 
34.781562 34.781564 -0.040667866 
34.797937 34.79794 -0.04071318 
34.814313 34.814315 -0.040758078 
34.830689 34.830691 -0.04080256 
34.847064 34.847066 -0.040846631 
34.863439 34.863442 -0.040890293 
34.879815 34.879817 -0.040933548 
34.89619 34.896193 -0.0409764 
34.912566 34.912568 -0.04101885 
34.928942 34.928944 -0.041060901 
34.945317 34.945319 -0.041102557 
34.961692 34.961695 -0.041143819 
34.978068 34.97807 -0.04118469 
34.994443 34.994446 -0.041225173 
35.010819 35.010821 -0.04126527 
35.027195 35.027197 -0.041304983 
35.04357 35.043572 -0.041344316 
35.059945 35.059948 -0.04138327 
35.076321 35.076323 -0.041421849 
35.092696 35.092699 -0.041460054 
35.109072 35.109074 -0.041497888 
35.125447 35.12545 -0.041535353 
35.141823 35.141825 -0.041572453 
35.158198 35.158201 -0.041609189 
35.174574 35.174576 -0.041645563 
35.190949 35.190952 -0.041681578 
35.207325 35.207327 -0.041717237 
35.2237 35.223703 -0.041752542 
35.240076 35.240078 -0.041787494 
35.256451 35.256454 -0.041822098 
35.272827 35.272829 -0.041856353 
35.289202 35.289205 -0.041890264 
35.305578 35.30558 -0.041923832 
35.321953 35.321956 -0.04195706 
35.338329 35.338331 -0.041989949 
35.354705 35.354707 -0.042022503 
35.37108 35.371082 -0.042054723 
35.387456 35.387458 -0.042086611 
35.403831 35.403833 -0.04211817 
35.420206 35.420209 -0.042149402 
35.436582 35.436584 -0.042180309 
35.452958 35.45296 -0.042210893 
35.469333 35.469336 -0.042241157 
35.485709 35.485711 -0.042271102 
35.502084 35.502087 -0.042300731 
35.518459 35.518462 -0.042330046 
35.534835 35.534838 -0.042359048 
35.551211 35.551213 -0.042387741 
35.567586 35.567589 -0.042416125 
35.583962 35.583964 -0.042444204 
35.600337 35.60034 -0.042471979 
35.616712 35.616715 -0.042499452 
35.633088 35.633091 -0.042526625 
35.649464 35.649466 -0.042553501 
35.665839 35.665842 -0.042580081 
35.682215 35.682217 -0.042606367 
35.69859 35.698593 -0.042632361 
35.714965 35.714968 -0.042658066 
35.731341 35.731344 -0.042683483 
35.747717 35.747719 -0.042708614 
35.764092 35.764095 -0.042733461 
35.780468 35.78047 -0.042758027 
35.796843 35.796846 -0.042782312 
35.813218 35.813221 -0.042806319 
35.829594 35.829597 -0.04283005 
35.84597 35.845972 -0.042853506 
35.862345 35.862348 -0.04287669 
35.878721 35.878723 -0.042899603 
35.895096 35.895099 -0.042922248 
35.911471 35.911474 -0.042944625 
35.927847 35.92785 -0.042966738 
35.944223 35.944225 -0.042988587 
35.960598 35.960601 -0.043010175 
35.976973 35.976976 -0.043031503 
35.993349 35.993352 -0.043052573 
36.009724 36.009727 -0.043073387 
36.0261 36.026103 -0.043093946 
36.042476 36.042478 -0.043114253 
36.058851 36.058854 -0.043134309 
36.075226 36.075229 -0.043154117 
36.091602 36.091605 -0.043173676 
36.107977 36.10798 -0.04319299 
36.124353 36.124356 -0.04321206 
36.140729 36.140731 -0.043230888 
36.157104 36.157107 -0.043249475 
36.173479 36.173482 -0.043267823 
36.189855 36.189858 -0.043285934 
36.20623 36.206233 -0.04330381 
36.222606 36.222609 -0.043321451 
36.238982 36.238984 -0.04333886 
36.255357 36.25536 -0.043356039 
36.271732 36.271735 -0.043372988 
36.288108 36.288111 -0.04338971 
36.304483 36.304486 -0.043406206 
36.320859 36.320862 -0.043422478 
36.337235 36.337237 -0.043438527 
36.35361 36.353613 -0.043454355 
36.369985 36.369988 -0.043469964 
36.386361 36.386364 -0.043485354 
36.402736 36.402739 -0.043500528 
36.419112 36.419115 -0.043515488 
36.435488 36.43549 -0.043530233 
36.451863 36.451866 -0.043544767 
36.468238 36.468241 -0.04355909 
36.484614 36.484617 -0.043573205 
36.500989 36.500992 -0.043587112 
36.517365 36.517368 -0.043600813 
36.533741 36.533743 -0.04361431 
36.550116 36.550119 -0.043627604 
36.566491 36.566494 -0.043640696 
36.582867 36.58287 -0.043653588 
36.599242 36.599245 -0.043666282 
36.615618 36.615621 -0.043678778 
36.631994 36.631996 -0.043691079 
36.648369 36.648372 -0.043703185 
36.664744 36.664747 -0.043715098 
36.68112 36.681123 -0.04372682 
36.697495 36.697498 -0.043738351 
36.713871 36.713874 -0.043749693 
36.730246 36.730249 -0.043760848 
36.746622 36.746625 -0.043771817 
36.762997 36.763 -0.043782602 
36.779373 36.779376 -0.043793202 
36.795748 36.795751 -0.043803621 
36.812124 36.812127 -0.043813859 
36.828499 36.828502 -0.043823918 
36.844875 36.844878 -0.043833798 
36.86125 36.861253 -0.043843502 
36.877626 36.877629 -0.04385303 
36.894001 36.894004 -0.043862384 
36.910377 36.91038 -0.043871565 
36.926752 36.926755 -0.043880575 
36.943128 36.943131 -0.043889414 
36.959503 36.959506 -0.043898084 
36.975879 36.975882 -0.043906586 
36.992254 36.992257 -0.043914921 
37.00863 37.008633 -0.043923091 
37.025005 37.025008 -0.043931097 
37.041381 37.041384 -0.04393894 
37.057756 37.057759 -0.043946621 
37.074132 37.074135 -0.043954142 
37.090507 37.09051 -0.043961503 
37.106883 37.106886 -0.043968707 
37.123258 37.123261 -0.043975753 
37.139634 37.139637 -0.043982643 
37.156009 37.156012 -0.043989379 
37.172385 37.172388 -0.043995962 
37.18876 37.188763 -0.044002392 
37.205136 37.205139 -0.044008671 
37.221511 37.221514 -0.0440148 
37.237887 37.23789 -0.04402078 
37.254262 37.254265 -0.044026613 
37.270638 37.270641 -0.044032299 
37.287013 37.287016 -0.044037839 
37.303389 37.303392 -0.044043235 
37.319764 37.319767 -0.044048488 
37.33614 37.336143 -0.044053599 
37.352515 37.352518 -0.044058568 
37.368891 37.368894 -0.044063398 
37.385266 37.385269 -0.044068088 
37.401642 37.401645 -0.044072641 
37.418017 37.41802 -0.044077057 
37.434393 37.434396 -0.044081337 
37.450768 37.450771 -0.044085483 
37.467144 37.467147 -0.044089495 
37.483519 37.483522 -0.044093374 
37.499895 37.499898 -0.044097122 
37.51627 37.516273 -0.044100739 
37.532646 37.532649 -0.044104226 
37.549021 37.549024 -0.044107585 
37.565397 37.5654 -0.044110817 
37.581772 37.581775 -0.044113922 
37.598148 37.598151 -0.044116901 
37.614523 37.614526 -0.044119756 
37.630899 37.630902 -0.044122487 
37.647274 37.647277 -0.044125096 
37.66365 37.663653 -0.044127583 
37.680025 37.680028 -0.044129949 
37.696401 37.696404 -0.044132196 
37.712776 37.712779 -0.044134324 
37.729152 37.729155 -0.044136334 
37.745528 37.74553 -0.044138227 
37.761903 37.761906 -0.044140005 
37.778278 37.778281 -0.044141667 
37.794654 37.794657 -0.044143215 
37.811029 37.811032 -0.04414465 
37.827405 37.827408 -0.044145973 
37.843781 37.843783 -0.044147184 
37.860156 37.860159 -0.044148285 
37.876531 37.876534 -0.044149277 
37.892907 37.89291 -0.044150159 
37.909282 37.909285 -0.044150934 
37.925658 37.925661 -0.044151602 
37.942034 37.942036 -0.044152164 
37.958409 37.958412 -0.044152621 
37.974784 37.974787 -0.044152973 
37.99116 37.991163 -0.044153222 
38.007535 38.007538 -0.044153369 
38.023911 38.023914 -0.044153413 
38.040287 38.040289 -0.044153357 
38.056662 38.056665 -0.0441532 
38.073037 38.07304 -0.044152945 
38.089413 38.089416 -0.044152591 
38.105788 38.105791 -0.044152139 
38.122164 38.122167 -0.04415159 
38.13854 38.138542 -0.044150946 
38.154915 38.154918 -0.044150206 
38.17129 38.171293 -0.044149371 
38.187666 38.187669 -0.044148444 
38.204041 38.204044 -0.044147423 
38.220417 38.22042 -0.04414631 
38.236792 38.236795 -0.044145106 
38.253168 38.253171 -0.044143812 
38.269543 38.269546 -0.044142428 
38.285919 38.285922 -0.044140955 
38.302294 38.302297 -0.044139393 
38.31867 38.318673 -0.044137745 
38.335045 38.335048 -0.044136009 
38.351421 38.351424 -0.044134188 
38.367796 38.367799 -0.044132281 
38.384172 38.384175 -0.04413029 
38.400547 38.40055 -0.044128215 
38.416923 38.416926 -0.044126057 
38.433298 38.433301 -0.044123817 
38.449674 38.449677 -0.044121495 
38.466049 38.466052 -0.044119093 
38.482425 38.482428 -0.04411661 
38.498801 38.498803 -0.044114048 
38.515176 38.515179 -0.044111407 
38.531551 38.531554 -0.044108688 
38.547927 38.54793 -0.044105892 
38.564303 38.564305 -0.044103019 
38.580678 38.580681 -0.044100069 
38.597054 38.597056 -0.044097045 
38.613429 38.613432 -0.044093946 
38.629804 38.629807 -0.044090773 
38.64618 38.646183 -0.044087527 
38.662556 38.662558 -0.044084208 
38.678931 38.678934 -0.044080817 
38.695307 38.695309 -0.044077354 
38.711682 38.711685 -0.044073821 
38.728057 38.72806 -0.044070218 
38.744433 38.744436 -0.044066545 
38.760809 38.760811 -0.044062804 
38.777184 38.777187 -0.044058994 
38.79356 38.793562 -0.044055117 
38.809935 38.809938 -0.044051173 
38.82631 38.826313 -0.044047163 
38.842686 38.842689 -0.044043087 
38.859062 38.859064 -0.044038946 
38.875437 38.87544 -0.04403474 
38.891813 38.891815 -0.044030471 
38.908188 38.908191 -0.044026138 
38.924563 38.924566 -0.044021743 
38.940939 38.940942 -0.044017285 
38.957315 38.957317 -0.044012766 
38.97369 38.973693 -0.044008186 
38.990066 38.990068 -0.044003546 
39.006441 39.006444 -0.043998846 
39.022816 39.022819 -0.043994087 
39.039192 39.039195 -0.043989269 
39.055568 39.05557 -0.043984393 
39.071943 39.071946 -0.04397946 
39.088318 39.088321 -0.04397447 
39.104694 39.104697 -0.043969423 
39.121069 39.121072 -0.043964321 
39.137445 39.137448 -0.043959163 
39.153821 39.153823 -0.043953951 
39.170196 39.170199 -0.043948684 
39.186571 39.186574 -0.043943364 
39.202947 39.20295 -0.04393799 
39.219322 39.219325 -0.043932564 
39.235698 39.235701 -0.043927086 
39.252074 39.252076 -0.043921556 
39.268449 39.268452 -0.043915975 
39.284824 39.284827 -0.043910344 
39.3012 39.301203 -0.043904663 
39.317575 39.317578 -0.043898932 
39.333951 39.333954 -0.043893152 
39.350327 39.350329 -0.043887324 
39.366702 39.366705 -0.043881447 
39.383077 39.38308 -0.043875523 
39.399453 39.399456 -0.043869553 
39.415828 39.415831 -0.043863535 
39.432204 39.432207 -0.043857472 
39.44858 39.448582 -0.043851363 
39.464955 39.464958 -0.043845208 
39.48133 39.481333 -0.04383901 
39.497706 39.497709 -0.043832767 
39.514081 39.514084 -0.04382648 
39.530457 39.53046 -0.04382015 
39.546833 39.546835 -0.043813778 
39.563208 39.563211 -0.043807363 
39.579583 39.579586 -0.043800907 
39.595959 39.595962 -0.043794408 
39.612334 39.612337 -0.04378787 
39.62871 39.628713 -0.04378129 
39.645086 39.645088 -0.043774671 
39.661461 39.661464 -0.043768012 
39.677836 39.677839 -0.043761313 
39.694212 39.694215 -0.043754576 
39.710587 39.71059 -0.043747801 
39.726963 39.726966 -0.043740988 
39.743339 39.743341 -0.043734138 
39.759714 39.759717 -0.04372725 
39.776089 39.776092 -0.043720326 
39.792465 39.792468 -0.043713366 
39.80884 39.808843 -0.04370637 
39.825216 39.825219 -0.043699338 
39.841591 39.841594 -0.043692272 
39.857967 39.85797 -0.043685171 
39.874342 39.874345 -0.043678036 
39.890718 39.890721 -0.043670867 
39.907093 39.907096 -0.043663665 
39.923469 39.923472 -0.04365643 
39.939844 39.939847 -0.043649163 
39.95622 39.956223 -0.043641863 
39.972595 39.972598 -0.043634532 
39.988971 39.988974 -0.043627169 
40.005346 40.005349 -0.043619775 
40.021722 40.021725 -0.04361235 
40.038097 40.0381 -0.043604896 
40.054473 40.054476 -0.043597411 
40.070848 40.070851 -0.043589897 
40.087224 40.087227 -0.043582354 
40.103599 40.103602 -0.043574782 
40.119975 40.119978 -0.043567182 
40.13635 40.136353 -0.043559554 
40.152726 40.152729 -0.043551898 
40.169101 40.169104 -0.043544214 
40.185477 40.18548 -0.043536504 
40.201852 40.201855 -0.043528767 
40.218228 40.218231 -0.043521004 
40.234603 40.234606 -0.043513215 
40.250979 40.250982 -0.0435054 
40.267354 40.267357 -0.04349756 
40.28373 40.283733 -0.043489695 
40.300105 40.300108 -0.043481806 
40.316481 40.316484 -0.043473893 
40.332856 40.332859 -0.043465955 
40.349232 40.349235 -0.043457994 
40.365607 40.36561 -0.04345001 
40.381983 40.381986 -0.043442003 
40.398358 40.398361 -0.043433973 
40.414734 40.414737 -0.043425921 
40.431109 40.431112 -0.043417847 
40.447485 40.447488 -0.043409752 
40.46386 40.463863 -0.043401635 
40.480236 40.480239 -0.043393497 
40.496611 40.496614 -0.043385338 
40.512987 40.51299 -0.043377159 
40.529362 40.529365 -0.04336896 
40.545738 40.545741 -0.043360741 
40.562113 40.562116 -0.043352503 
40.578489 40.578492 -0.043344246 
40.594864 40.594867 -0.043335969 
40.61124 40.611243 -0.043327674 
40.627615 40.627618 -0.043319361 
40.643991 40.643994 -0.04331103 
40.660366 40.660369 -0.043302681 
40.676742 40.676745 -0.043294315 
40.693117 40.69312 -0.043285931 
40.709493 40.709496 -0.043277531 
40.725868 40.725871 -0.043269114 
40.742244 40.742247 -0.04326068 
40.758619 40.758622 -0.043252231 
40.774995 40.774998 -0.043243766 
40.79137 40.791373 -0.043235285 
40.807746 40.807749 -0.043226789 
40.824121 40.824124 -0.043218279 
40.840497 40.8405 -0.043209753 
40.856873 40.856875 -0.043201213 
40.873248 40.873251 -0.043192659 
40.889623 40.889626 -0.043184091 
40.905999 40.906002 -0.04317551 
40.922374 40.922377 -0.043166915 
40.93875 40.938753 -0.043158307 
40.955126 40.955128 -0.043149686 
40.971501 40.971504 -0.043141052 
40.987876 40.987879 -0.043132406 
41.004252 41.004255 -0.043123748 
41.020627 41.02063 -0.043115078 
41.037003 41.037006 -0.043106396 
41.053379 41.053381 -0.043097703 
41.069754 41.069757 -0.043088999 
41.086129 41.086132 -0.043080283 
41.102505 41.102508 -0.043071558 
41.11888 41.118883 -0.043062821 
41.135256 41.135259 -0.043054075 
41.151632 41.151634 -0.043045318 
41.168007 41.16801 -0.043036552 
41.184382 41.184385 -0.043027776 
41.200758 41.200761 -0.043018991 
41.217133 41.217136 -0.043010196 
41.233509 41.233512 -0.043001393 
41.249885 41.249887 -0.042992581 
41.26626 41.266263 -0.042983761 
41.282635 41.282638 -0.042974933 
41.299011 41.299014 -0.042966096 
41.315386 41.315389 -0.042957252 
41.331762 41.331765 -0.0429484 
41.348137 41.34814 -0.042939541 
41.364513 41.364516 -0.042930675 
41.380888 41.380891 -0.042921802 
41.397264 41.397267 -0.042912922 
41.413639 41.413642 -0.042904035 
41.430015 41.430018 -0.042895142 
41.44639 41.446393 -0.042886243 
41.462766 41.462769 -0.042877338 
41.479141 41.479144 -0.042868428 
41.495517 41.49552 -0.042859512 
41.511892 41.511895 -0.04285059 
41.528268 41.528271 -0.042841663 
41.544643 41.544646 -0.042832732 
41.561019 41.561022 -0.042823795 
41.577394 41.577397 -0.042814854 
41.59377 41.593773 -0.042805909 
41.610145 41.610148 -0.042796959 
41.626521 41.626524 -0.042788006 
41.642896 41.642899 -0.042779048 
41.659272 41.659275 -0.042770087 
41.675648 41.67565 -0.042761122 
41.692023 41.692026 -0.042752155 
41.708399 41.708401 -0.042743184 
41.724774 41.724777 -0.04273421 
41.741149 41.741152 -0.042725233 
41.757525 41.757528 -0.042716254 
41.773901 41.773903 -0.042707272 
41.790276 41.790279 -0.042698288 
41.806652 41.806654 -0.042689302 
41.823027 41.82303 -0.042680314 
41.839402 41.839405 -0.042671324 
41.855778 41.855781 -0.042662333 
41.872154 41.872156 -0.04265334 
41.888529 41.888532 -0.042644346 
41.904905 41.904907 -0.042635351 
41.92128 41.921283 -0.042626354 
41.937655 41.937658 -0.042617358 
41.954031 41.954034 -0.04260836 
41.970407 41.970409 -0.042599362 
41.986782 41.986785 -0.042590364 
42.003158 42.00316 -0.042581365 
42.019533 42.019536 -0.042572367 
42.035908 42.035911 -0.042563369 
42.052284 42.052287 -0.04255437 
42.06866 42.068662 -0.042545373 
42.085035 42.085038 -0.042536376 
42.101411 42.101413 -0.04252738 
42.117786 42.117789 -0.042518384 
42.134161 42.134164 -0.04250939 
42.150537 42.15054 -0.042500396 
42.166913 42.166915 -0.042491404 
42.183288 42.183291 -0.042482414 
42.199663 42.199666 -0.042473425 
42.216039 42.216042 -0.042464438 
42.232414 42.232417 -0.042455452 
42.24879 42.248793 -0.042446469 
42.265166 42.265168 -0.042437488 
42.281541 42.281544 -0.042428509 
42.297916 42.297919 -0.042419532 
42.314292 42.314295 -0.042410558 
42.330667 42.33067 -0.042401586 
42.347043 42.347046 -0.042392618 
42.363419 42.363421 -0.042383652 
42.379794 42.379797 -0.042374689 
42.396169 42.396172 -0.042365729 
42.412545 42.412548 -0.042356773 
42.42892 42.428923 -0.04234782 
42.445296 42.445299 -0.042338871 
42.461672 42.461674 -0.042329925 
42.478047 42.47805 -0.042320983 
42.494422 42.494425 -0.042312045 
42.510798 42.510801 -0.042303111 
42.527173 42.527176 -0.04229418 
42.543549 42.543552 -0.042285255 
42.559925 42.559928 -0.042276333 
42.5763 42.576303 -0.042267416 
42.592675 42.592679 -0.042258504 
42.609051 42.609054 -0.042249596 
42.625426 42.62543 -0.042240693 
42.641802 42.641805 -0.042231795 
42.658178 42.658181 -0.042222902 
42.674553 42.674556 -0.042214014 
42.690929 42.690932 -0.042205131 
42.707304 42.707307 -0.042196253 
42.72368 42.723683 -0.042187381 
42.740055 42.740058 -0.042178515 
42.756431 42.756434 -0.042169654 
42.772806 42.772809 -0.042160799 
42.789182 42.789185 -0.04215195 
42.805557 42.80556 -0.042143107 
42.821933 42.821936 -0.042134269 
42.838308 42.838311 -0.042125438 
42.854684 42.854687 -0.042116613 
42.871059 42.871062 -0.042107795 
42.887435 42.887438 -0.042098983 
42.90381 42.903813 -0.042090177 
42.920186 42.920189 -0.042081378 
42.936561 42.936564 -0.042072586 
42.952936 42.95294 -0.0420638 
42.969312 42.969315 -0.042055022 
42.985688 42.985691 -0.04204625 
43.002063 43.002066 -0.042037485 
43.018439 43.018442 -0.042028728 
43.034814 43.034817 -0.042019978 
43.051189 43.051193 -0.042011235 
43.067565 43.067568 -0.0420025 
43.083941 43.083944 -0.041993772 
43.100316 43.100319 -0.041985052 
43.116692 43.116695 -0.041976339 
43.133067 43.13307 -0.041967634 
43.149442 43.149446 -0.041958937 
43.165818 43.165821 -0.041950248 
43.182194 43.182197 -0.041941567 
43.198569 43.198572 -0.041932894 
43.214945 43.214948 -0.041924229 
43.23132 43.231323 -0.041915572 
43.247695 43.247699 -0.041906924 
43.264071 43.264074 -0.041898284 
43.280447 43.28045 -0.041889652 
43.296822 43.296825 -0.041881029 
43.313198 43.313201 -0.041872415 
43.329573 43.329576 -0.041863809 
43.345948 43.345952 -0.041855212 
43.362324 43.362327 -0.041846624 
43.3787 43.378703 -0.041838045 
43.395075 43.395078 -0.041829475 
43.411451 43.411454 -0.041820914 
43.427826 43.427829 -0.041812361 
43.444201 43.444205 -0.041803819 
43.460577 43.46058 -0.041795285 
43.476953 43.476956 -0.04178676 
43.493328 43.493331 -0.041778245 
43.509704 43.509707 -0.04176974 
43.526079 43.526082 -0.041761244 
43.542454 43.542458 -0.041752757 
43.55883 43.558833 -0.041744281 
43.575206 43.575209 -0.041735813 
43.591581 43.591584 -0.041727356 
43.607957 43.60796 -0.041718908 
43.624332 43.624335 -0.041710471 
43.640707 43.640711 -0.041702043 
43.657083 43.657086 -0.041693625 
43.673459 43.673462 -0.041685217 
43.689834 43.689837 -0.04167682 
43.706209 43.706213 -0.041668432 
43.722585 43.722588 -0.041660055 
43.73896 43.738964 -0.041651688 
43.755336 43.755339 -0.041643332 
43.771712 43.771715 -0.041634985 
43.788087 43.78809 -0.04162665 
43.804462 43.804466 -0.041618324 
43.820838 43.820841 -0.04161001 
43.837213 43.837217 -0.041601706 
43.853589 43.853592 -0.041593412 
43.869965 43.869968 -0.04158513 
43.88634 43.886343 -0.041576858 
43.902715 43.902719 -0.041568596 
43.919091 43.919094 -0.041560346 
43.935466 43.93547 -0.041552107 
43.951842 43.951845 -0.041543878 
43.968218 43.968221 -0.041535661 
43.984593 43.984596 -0.041527454 
44.000968 44.000972 -0.041519259 
44.017344 44.017347 -0.041511075 
44.033719 44.033723 -0.041502902 
44.050095 44.050098 -0.04149474 
44.066471 44.066474 -0.04148659 
44.082846 44.082849 -0.041478451 
44.099221 44.099225 -0.041470323 
44.115597 44.1156 -0.041462206 
44.131972 44.131976 -0.041454102 
44.148348 44.148351 -0.041446008 
44.164724 44.164727 -0.041437926 
44.181099 44.181102 -0.041429856 
44.197474 44.197478 -0.041421797 
44.21385 44.213853 -0.04141375 
44.230225 44.230229 -0.041405715 
44.246601 44.246604 -0.041397691 
44.262977 44.26298 -0.041389679 
44.279352 44.279355 -0.041381679 
44.295727 44.295731 -0.041373691 
44.312103 44.312106 -0.041365714 
44.328478 44.328482 -0.04135775 
44.344854 44.344857 -0.041349797 
44.36123 44.361233 -0.041341857 
44.377605 44.377608 -0.041333928 
44.39398 44.393984 -0.041326011 
44.410356 44.410359 -0.041318107 
44.426731 44.426735 -0.041310215 
44.443107 44.44311 -0.041302335 
44.459483 44.459486 -0.041294467 
44.475858 44.475861 -0.041286611 
44.492233 44.492237 -0.041278767 
44.508609 44.508612 -0.041270936 
44.524984 44.524988 -0.041263117 
44.54136 44.541363 -0.04125531 
44.557735 44.557739 -0.041247516 
44.574111 44.574114 -0.041239734 
44.590486 44.59049 -0.041231965 
44.606862 44.606865 -0.041224208 
44.623237 44.623241 -0.041216463 
44.639613 44.639616 -0.041208731 
44.655988 44.655992 -0.041201011 
44.672364 44.672367 -0.041193304 
44.688739 44.688743 -0.04118561 
44.705115 44.705118 -0.041177928 
44.72149 44.721494 -0.041170259 
44.737866 44.737869 -0.041162602 
44.754241 44.754245 -0.041154958 
44.770617 44.77062 -0.041147327 
44.786992 44.786996 -0.041139709 
44.803368 44.803371 -0.041132103 
44.819743 44.819747 -0.04112451 
44.836119 44.836122 -0.04111693 
44.852494 44.852498 -0.041109363 
44.86887 44.868873 -0.041101808 
44.885245 44.885249 -0.041094267 
44.901621 44.901624 -0.041086738 
44.917996 44.918 -0.041079222 
44.934372 44.934375 -0.041071719 
44.950747 44.950751 -0.041064229 
44.967123 44.967126 -0.041056752 
44.983498 44.983502 -0.041049288 
44.999874 44.999877 -0.041041837 
45.016249 45.016253 -0.041034399 
45.032625 45.032628 -0.041026973 
45.049 45.049004 -0.041019561 
45.065376 45.065379 -0.041012162 
45.081751 45.081755 -0.041004776 
45.098127 45.09813 -0.040997404 
45.114502 45.114506 -0.040990044 
45.130878 45.130881 -0.040982697 
45.147253 45.147257 -0.040975364 
45.163629 45.163632 -0.040968044 
45.180004 45.180008 -0.040960736 
45.19638 45.196383 -0.040953442 
45.212755 45.212759 -0.040946162 
45.229131 45.229134 -0.040938894 
45.245506 45.24551 -0.04093164 
45.261882 45.261885 -0.040924399 
45.278257 45.278261 -0.040917171 
45.294633 45.294636 -0.040909956 
45.311008 45.311012 -0.040902755 
45.327384 45.327387 -0.040895567 
45.343759 45.343763 -0.040888392 
45.360135 45.360138 -0.040881231 
45.37651 45.376514 -0.040874082 
45.392886 45.392889 -0.040866948 
45.409261 45.409265 -0.040859826 
45.425637 45.42564 -0.040852718 
45.442012 45.442016 -0.040845623 
45.458388 45.458391 -0.040838542 
45.474763 45.474767 -0.040831474 
45.491139 45.491142 -0.040824419 
45.507514 45.507518 -0.040817378 
45.52389 45.523893 -0.04081035 
45.540265 45.540269 -0.040803335 
45.556641 45.556644 -0.040796334 
45.573016 45.57302 -0.040789346 
45.589392 45.589395 -0.040782372 
45.605767 45.605771 -0.040775411 
45.622143 45.622146 -0.040768464 
45.638518 45.638522 -0.04076153 
45.654894 45.654897 -0.040754609 
45.671269 45.671273 -0.040747702 
45.687645 45.687648 -0.040740809 
45.70402 45.704024 -0.040733928 
45.720396 45.720399 -0.040727062 
45.736771 45.736775 -0.040720209 
45.753147 45.75315 -0.040713369 
45.769522 45.769526 -0.040706542 
45.785898 45.785901 -0.04069973 
45.802273 45.802277 -0.04069293 
45.818649 45.818652 -0.040686145 
45.835024 45.835028 -0.040679372 
45.8514 45.851403 -0.040672613 
45.867775 45.867779 -0.040665868 
45.884151 45.884154 -0.040659136 
45.900526 45.90053 -0.040652418 
45.916902 45.916905 -0.040645713 
45.933277 45.933281 -0.040639022 
45.949653 45.949656 -0.040632344 
45.966028 45.966032 -0.040625679 
45.982404 45.982407 -0.040619029 
45.998779 45.998783 -0.040612391 
46.015155 46.015158 -0.040605767 
46.03153 46.031534 -0.040599157 
46.047906 46.047909 -0.04059256 
46.064281 46.064285 -0.040585977 
46.080657 46.08066 -0.040579407 
46.097032 46.097036 -0.040572851 
46.113408 46.113411 -0.040566308 
46.129783 46.129787 -0.040559779 
46.146159 46.146162 -0.040553263 
46.162534 46.162538 -0.040546761 
46.17891 46.178913 -0.040540272 
46.195285 46.195289 -0.040533796 
46.211661 46.211664 -0.040527334 
46.228036 46.22804 -0.040520886 
46.244412 46.244415 -0.040514451 
46.260787 46.260791 -0.04050803 
46.277163 46.277166 -0.040501622 
46.293538 46.293542 -0.040495227 
46.309914 46.309917 -0.040488846 
46.326289 46.326293 -0.040482479 
46.342665 46.342668 -0.040476125 
46.35904 46.359044 -0.040469784 
46.375416 46.375419 -0.040463457 
46.391791 46.391795 -0.040457143 
46.408167 46.40817 -0.040450843 
46.424542 46.424546 -0.040444556 
46.440918 46.440921 -0.040438283 
46.457293 46.457297 -0.040432023 
46.473669 46.473672 -0.040425776 
46.490044 46.490048 -0.040419543 
46.50642 46.506423 -0.040413324 
46.522795 46.522799 -0.040407117 
46.539171 46.539174 -0.040400924 
46.555546 46.55555 -0.040394745 
46.571922 46.571925 -0.040388579 
46.588297 46.588301 -0.040382426 
46.604673 46.604676 -0.040376287 
46.621048 46.621052 -0.040370161 
46.637424 46.637427 -0.040364048 
46.653799 46.653803 -0.040357949 
46.670175 46.670178 -0.040351863 
46.68655 46.686554 -0.04034579 
46.702926 46.702929 -0.040339731 
46.719301 46.719305 -0.040333685 
46.735677 46.73568 -0.040327652 
46.752052 46.752056 -0.040321633 
46.768428 46.768431 -0.040315627 
46.784804 46.784807 -0.040309634 
46.801179 46.801182 -0.040303655 
46.817554 46.817558 -0.040297688 
46.83393 46.833933 -0.040291735 
46.850305 46.850309 -0.040285796 
46.866681 46.866684 -0.040279869 
46.883057 46.88306 -0.040273956 
46.899432 46.899435 -0.040268056 
46.915807 46.915811 -0.040262169 
46.932183 46.932186 -0.040256295 
46.948558 46.948562 -0.040250435 
46.964934 46.964937 -0.040244588 
46.98131 46.981313 -0.040238754 
46.997685 46.997688 -0.040232933 
47.01406 47.014064 -0.040227125 
47.030436 47.030439 -0.04022133 
47.046811 47.046815 -0.040215549 
47.063187 47.06319 -0.040209781 
47.079563 47.079566 -0.040204025 
47.095938 47.095941 -0.040198283 
47.112313 47.112317 -0.040192554 
47.128689 47.128692 -0.040186838 
47.145064 47.145068 -0.040181135 
47.16144 47.161443 -0.040175445 
47.177816 47.177819 -0.040169768 
47.194191 47.194194 -0.040164105 
47.210566 47.21057 -0.040158454 
47.226942 47.226945 -0.040152816 
47.243317 47.243321 -0.040147191 
47.259693 47.259696 -0.040141579 
47.276069 47.276072 -0.04013598 
47.292444 47.292447 -0.040130394 
47.308819 47.308823 -0.040124821 
47.325195 47.325198 -0.040119261 
47.34157 47.341574 -0.040113714 
47.357946 47.357949 -0.04010818 
47.374322 47.374325 -0.040102658 
47.390697 47.3907 -0.04009715 
47.407072 47.407076 -0.040091654 
47.423448 47.423451 -0.040086172 
47.439823 47.439827 -0.040080702 
47.456199 47.456202 -0.040075244 
47.472575 47.472578 -0.0400698 
47.48895 47.488953 -0.040064369 
47.505325 47.505329 -0.04005895 
47.521701 47.521704 -0.040053544 
47.538076 47.53808 -0.04004815 
47.554452 47.554455 -0.04004277 
47.570828 47.570831 -0.040037402 
47.587203 47.587206 -0.040032047 
47.603578 47.603582 -0.040026705 
47.619954 47.619957 -0.040021375 
47.636329 47.636333 -0.040016058 
47.652705 47.652708 -0.040010753 
47.66908 47.669084 -0.040005462 
47.685456 47.685459 -0.040000182 
47.701831 47.701835 -0.039994916 
47.718207 47.71821 -0.039989662 
47.734582 47.734586 -0.03998442 
47.750958 47.750961 -0.039979192 
47.767333 47.767337 -0.039973975 
47.783709 47.783712 -0.039968771 
47.800084 47.800088 -0.03996358 
47.81646 47.816463 -0.039958401 
47.832835 47.832839 -0.039953235 
47.849211 47.849214 -0.039948081 
47.865586 47.86559 -0.03994294 
47.881962 47.881965 -0.039937811 
47.898337 47.898341 -0.039932694 
47.914713 47.914716 -0.03992759 
47.931088 47.931092 -0.039922498 
47.947464 47.947467 -0.039917419 
47.963839 47.963843 -0.039912352 
47.980215 47.980218 -0.039907297 
47.99659 47.996594 -0.039902255 
48.012966 48.012969 -0.039897225 
48.029341 48.029345 -0.039892207 
48.045717 48.04572 -0.039887201 
48.062092 48.062096 -0.039882208 
48.078468 48.078471 -0.039877227 
48.094843 48.094847 -0.039872258 
48.111219 48.111222 -0.039867301 
48.127594 48.127598 -0.039862357 
48.14397 48.143973 -0.039857424 
48.160345 48.160349 -0.039852504 
48.176721 48.176724 -0.039847596 
48.193096 48.1931 -0.0398427 
48.209472 48.209475 -0.039837816 
48.225847 48.225851 -0.039832945 
48.242223 48.242226 -0.039828085 
48.258598 48.258602 -0.039823237 
48.274974 48.274977 -0.039818402 
48.291349 48.291353 -0.039813578 
48.307725 48.307728 -0.039808766 
48.3241 48.324104 -0.039803967 
48.340476 48.340479 -0.039799179 
48.356852 48.356855 -0.039794403 
48.373227 48.37323 -0.039789639 
48.389603 48.389606 -0.039784888 
48.405978 48.405981 -0.039780147 
48.422354 48.422357 -0.039775419 
48.438729 48.438732 -0.039770703 
48.455105 48.455108 -0.039765998 
48.47148 48.471483 -0.039761306 
48.487856 48.487859 -0.039756625 
48.504231 48.504234 -0.039751956 
48.520607 48.52061 -0.039747298 
48.536982 48.536985 -0.039742653 
48.553358 48.553361 -0.039738019 
48.569733 48.569736 -0.039733397 
48.586109 48.586112 -0.039728786 
48.602484 48.602487 -0.039724187 
48.61886 48.618863 -0.0397196 
48.635235 48.635238 -0.039715024 
48.651611 48.651614 -0.03971046 
48.667986 48.667989 -0.039705908 
48.684362 48.684365 -0.039701367 
48.700737 48.70074 -0.039696838 
48.717113 48.717116 -0.03969232 
48.733488 48.733491 -0.039687814 
48.749864 48.749867 -0.039683319 
48.766239 48.766242 -0.039678836 
48.782615 48.782618 -0.039674364 
48.79899 48.798993 -0.039669904 
48.815366 48.815369 -0.039665455 
48.831741 48.831744 -0.039661017 
48.848117 48.84812 -0.039656591 
48.864492 48.864495 -0.039652176 
48.880868 48.880871 -0.039647773 
48.897243 48.897246 -0.039643381 
48.913619 48.913622 -0.039639 
48.929994 48.929997 -0.03963463 
48.94637 48.946373 -0.039630272 
48.962745 48.962748 -0.039625925 
48.979121 48.979124 -0.039621589 
48.995496 48.995499 -0.039617265 
49.011872 49.011875 -0.039612951 
49.028247 49.02825 -0.039608649 
49.044623 49.044626 -0.039604358 
49.060998 49.061001 -0.039600078 
49.077374 49.077377 -0.039595809 
49.093749 49.093752 -0.039591551 
49.110125 49.110128 -0.039587305 
49.1265 49.126503 -0.039583069 
