Step Time Temp
0.0 0.0 300.0 
1.0 0.1 299.9365 
2.0 0.2 299.7462 
3.0 0.3 299.43013 
4.0 0.4 298.99001 
5.0 0.5 298.42827 
6.0 0.6 297.74803 
7.0 0.7 296.9531 
8.0 0.8 296.04796 
9.0 0.9 295.03772 
10.0 1.0 293.92814 
11.0 1.1 292.72559 
12.0 1.2 291.43704 
13.0 1.3 290.07001 
14.0 1.4 288.63257 
15.0 1.5 287.13326 
16.0 1.6 285.58114 
17.0 1.7 283.98567 
18.0 1.8 282.35673 
19.0 1.9 280.70454 
20.0 2.0 279.03966 
21.0 2.1 277.37291 
22.0 2.2 275.71533 
23.0 2.3 274.07819 
24.0 2.4 272.47285 
25.0 2.5 270.91072 
26.0 2.6 269.40319 
27.0 2.7 267.96161 
28.0 2.8 266.59745 
29.0 2.9 265.32211 
30.0 3.0 264.14714 
31.0 3.1 263.08404 
32.0 3.2 262.14379 
33.0 3.3 261.33734 
34.0 3.4 260.67551 
35.0 3.5 260.16875 
36.0 3.6 259.82718 
37.0 3.7 259.66073 
38.0 3.8 259.67893 
39.0 3.9 259.89105 
40.0 4.0 260.30597 
41.0 4.1 260.93227 
42.0 4.2 261.77818 
43.0 4.3 262.85161 
44.0 4.4 264.16011 
45.0 4.5 265.71096 
46.0 4.6 267.51107 
47.0 4.7 269.56707 
48.0 4.8 271.88529 
49.0 4.9 274.4718 
50.0 5.0 277.33237 
51.0 5.1 280.47248 
52.0 5.2 283.89734 
53.0 5.3 287.61189 
54.0 5.4 291.62082 
55.0 5.5 295.92855 
56.0 5.6 300.53926 
57.0 5.7 305.45685 
58.0 5.8 310.685 
59.0 5.9 316.22712 
60.0 6.0 322.0864 
61.0 6.1 328.26578 
62.0 6.2 334.76793 
63.0 6.3 341.59529 
64.0 6.4 348.75004 
65.0 6.5 356.23411 
66.0 6.6 364.04918 
67.0 6.7 372.19664 
68.0 6.8 380.67764 
69.0 6.9 389.49301 
70.0 7.0 398.64331 
71.0 7.1 408.1288 
72.0 7.2 417.94941 
73.0 7.3 428.10476 
74.0 7.4 438.59408 
75.0 7.5 449.4163 
76.0 7.6 460.56992 
77.0 7.7 472.05307 
78.0 7.8 483.86344 
79.0 7.9 495.99832 
80.0 8.0 508.45451 
81.0 8.1 521.22838 
82.0 8.2 534.31581 
83.0 8.3 547.7122 
84.0 8.4 561.41251 
85.0 8.5 575.41125 
86.0 8.6 589.70252 
87.0 8.7 604.2801 
88.0 8.8 619.13755 
89.0 8.9 634.26831 
90.0 9.0 649.66592 
91.0 9.1 665.32424 
92.0 9.2 681.23772 
93.0 9.3 697.40177 
94.0 9.4 713.81317 
95.0 9.5 730.47047 
96.0 9.6 747.37454 
97.0 9.7 764.52898 
98.0 9.8 781.9406 
99.0 9.9 799.61976 
100.0 10.0 817.58057 
101.0 10.1 835.84091 
102.0 10.2 854.42215 
103.0 10.3 873.34863 
104.0 10.4 892.6468 
105.0 10.5 912.34417 
106.0 10.6 932.46798 
107.0 10.7 953.04388 
108.0 10.8 974.09452 
109.0 10.9 995.63845 
110.0 11.0 1017.6891 
111.0 11.1 1040.2545 
112.0 11.2 1063.3365 
113.0 11.3 1086.9316 
114.0 11.4 1111.0308 
115.0 11.5 1135.6206 
116.0 11.6 1160.6834 
117.0 11.7 1186.1988 
118.0 11.8 1212.1442 
119.0 11.9 1238.4958 
120.0 12.0 1265.2295 
121.0 12.1 1292.322 
122.0 12.2 1319.7514 
123.0 12.3 1347.4985 
124.0 12.4 1375.5471 
125.0 12.5 1403.8857 
126.0 12.6 1432.5073 
127.0 12.7 1461.4107 
128.0 12.8 1490.6004 
129.0 12.9 1520.0875 
130.0 13.0 1549.8891 
131.0 13.1 1580.0286 
132.0 13.2 1610.5357 
133.0 13.3 1641.4454 
134.0 13.4 1672.7982 
135.0 13.5 1704.6392 
136.0 13.6 1737.0174 
137.0 13.7 1769.9843 
138.0 13.8 1803.5918 
139.0 13.9 1837.8902 
140.0 14.0 1872.9253 
141.0 14.1 1908.7368 
142.0 14.2 1945.3586 
143.0 14.3 1982.8224 
144.0 14.4 2021.1642 
145.0 14.5 2060.4299 
146.0 14.6 2100.6776 
147.0 14.7 2141.9727 
148.0 14.8 2184.3729 
149.0 14.9 2227.9081 
150.0 15.0 2272.5592 
151.0 15.1 2318.2501 
152.0 15.2 2364.8597 
153.0 15.3 2412.255 
154.0 15.4 2460.3287 
155.0 15.5 2509.0216 
156.0 15.6 2558.3119 
157.0 15.7 2608.1704 
158.0 15.8 2658.5041 
159.0 15.9 2709.1319 
160.0 16.0 2759.824 
161.0 16.1 2810.3741 
162.0 16.2 2860.6522 
163.0 16.3 2910.6283 
164.0 16.4 2960.3902 
165.0 16.5 3010.1567 
166.0 16.6 3060.246 
167.0 16.7 3110.9781 
168.0 16.8 3162.5409 
169.0 16.9 3214.8893 
170.0 17.0 3267.7411 
171.0 17.1 3320.673 
172.0 17.2 3373.2502 
173.0 17.3 3425.1444 
174.0 17.4 3476.2294 
175.0 17.5 3526.6042 
176.0 17.6 3576.487 
177.0 17.7 3626.0389 
178.0 17.8 3675.2573 
179.0 17.9 3723.989 
180.0 18.0 3771.9726 
181.0 18.1 3818.8597 
182.0 18.2 3864.2668 
183.0 18.3 3907.8609 
184.0 18.4 3949.4306 
185.0 18.5 3988.941 
186.0 18.6 4026.7153 
187.0 18.7 4063.8994 
188.0 18.8 4096.1875 
189.0 18.9 4123.0245 
190.0 19.0 4149.1017 
191.0 19.1 4174.6545 
192.0 19.2 4199.822 
193.0 19.3 4224.6853 
194.0 19.4 4250.1494 
195.0 19.5 4271.959 
196.0 19.6 4288.4079 
197.0 19.7 4303.219 
198.0 19.8 4316.8985 
199.0 19.9 4330.3272 
200.0 20.0 4340.0688 
201.0 20.1 4345.5019 
202.0 20.2 4348.4789 
203.0 20.3 4346.5929 
204.0 20.4 4339.6618 
205.0 20.5 4325.8521 
206.0 20.6 4301.9219 
207.0 20.7 4273.6614 
208.0 20.8 4245.9277 
209.0 20.9 4217.7845 
210.0 21.0 4188.7073 
211.0 21.1 4157.4373 
212.0 21.2 4125.8135 
213.0 21.3 4096.1752 
214.0 21.4 4065.0536 
215.0 21.5 4032.748 
216.0 21.6 3999.8859 
217.0 21.7 3964.4206 
218.0 21.8 3929.2826 
219.0 21.9 3895.7824 
220.0 22.0 3863.1594 
221.0 22.1 3832.6955 
222.0 22.2 3804.5053 
223.0 22.3 3773.8118 
224.0 22.4 3736.292 
225.0 22.5 3694.245 
226.0 22.6 3651.6106 
227.0 22.7 3610.0357 
228.0 22.8 3571.2855 
229.0 22.9 3535.6655 
230.0 23.0 3501.4902 
231.0 23.1 3466.6113 
232.0 23.2 3427.5813 
233.0 23.3 3385.2649 
234.0 23.4 3344.7908 
235.0 23.5 3306.213 
236.0 23.6 3269.1203 
237.0 23.7 3235.7671 
238.0 23.8 3205.0632 
239.0 23.9 3173.0803 
240.0 24.0 3141.3691 
241.0 24.1 3113.5345 
242.0 24.2 3091.0117 
243.0 24.3 3072.6611 
244.0 24.4 3054.1794 
245.0 24.5 3036.2646 
246.0 24.6 3022.1876 
247.0 24.7 3010.8809 
248.0 24.8 3002.4802 
249.0 24.9 2997.2422 
250.0 25.0 2994.1401 
251.0 25.1 2994.8624 
252.0 25.2 2997.5219 
253.0 25.3 2998.72 
254.0 25.4 2997.5839 
255.0 25.5 2995.1385 
256.0 25.6 2991.8402 
257.0 25.7 2987.6109 
258.0 25.8 2982.7424 
259.0 25.9 2976.6211 
260.0 26.0 2968.1042 
261.0 26.1 2955.1648 
262.0 26.2 2938.3104 
263.0 26.3 2920.2116 
264.0 26.4 2903.499 
265.0 26.5 2886.9668 
266.0 26.6 2868.8148 
267.0 26.7 2850.2686 
268.0 26.8 2832.3747 
269.0 26.9 2816.1954 
270.0 27.0 2803.0735 
271.0 27.1 2792.5468 
272.0 27.2 2784.2064 
273.0 27.3 2778.4009 
274.0 27.4 2775.0166 
275.0 27.5 2772.6613 
276.0 27.6 2770.8842 
277.0 27.7 2771.436 
278.0 27.8 2775.2288 
279.0 27.9 2779.9632 
280.0 28.0 2781.1056 
281.0 28.1 2778.5068 
282.0 28.2 2775.845 
283.0 28.3 2774.3051 
284.0 28.4 2771.576 
285.0 28.5 2764.8275 
286.0 28.6 2754.5417 
287.0 28.7 2741.2752 
288.0 28.8 2724.0283 
289.0 28.9 2703.2631 
290.0 29.0 2680.0432 
291.0 29.1 2655.5716 
292.0 29.2 2631.4527 
293.0 29.3 2608.3372 
294.0 29.4 2586.2498 
295.0 29.5 2566.2526 
296.0 29.6 2549.4714 
297.0 29.7 2533.3349 
298.0 29.8 2513.5969 
299.0 29.9 2491.4009 
300.0 30.0 2470.851 
301.0 30.1 2453.2219 
302.0 30.2 2437.2388 
303.0 30.3 2421.8897 
304.0 30.4 2407.0869 
305.0 30.5 2393.9249 
306.0 30.6 2383.8989 
307.0 30.7 2376.7985 
308.0 30.8 2370.7611 
309.0 30.9 2365.8018 
310.0 31.0 2363.0359 
311.0 31.1 2361.6137 
312.0 31.2 2360.4183 
313.0 31.3 2359.6796 
314.0 31.4 2359.5589 
315.0 31.5 2360.4438 
316.0 31.6 2362.523 
317.0 31.7 2363.8899 
318.0 31.8 2363.4954 
319.0 31.9 2363.1868 
320.0 32.0 2363.0061 
321.0 32.1 2362.2066 
322.0 32.2 2360.9854 
323.0 32.3 2357.8019 
324.0 32.4 2351.5234 
325.0 32.5 2343.4195 
326.0 32.6 2334.5083 
327.0 32.7 2324.3137 
328.0 32.8 2313.7912 
329.0 32.9 2304.2898 
330.0 33.0 2295.1421 
331.0 33.1 2285.1701 
332.0 33.2 2273.3088 
333.0 33.3 2258.812 
334.0 33.4 2242.7855 
335.0 33.5 2227.5469 
336.0 33.6 2214.5168 
337.0 33.7 2204.0509 
338.0 33.8 2195.6099 
339.0 33.9 2187.4671 
340.0 34.0 2177.2641 
341.0 34.1 2164.3983 
342.0 34.2 2149.6205 
343.0 34.3 2132.0922 
344.0 34.4 2111.5536 
345.0 34.5 2090.6358 
346.0 34.6 2071.4988 
347.0 34.7 2054.2202 
348.0 34.8 2038.2766 
349.0 34.9 2023.6922 
350.0 35.0 2011.0292 
351.0 35.1 2000.4926 
352.0 35.2 1991.7979 
353.0 35.3 1984.4624 
354.0 35.4 1978.1743 
355.0 35.5 1972.6522 
356.0 35.6 1967.4361 
357.0 35.7 1962.3373 
358.0 35.8 1958.0322 
359.0 35.9 1955.1363 
360.0 36.0 1953.1121 
361.0 36.1 1951.1588 
362.0 36.2 1949.0299 
363.0 36.3 1946.7965 
364.0 36.4 1944.5763 
365.0 36.5 1942.2976 
366.0 36.6 1939.4191 
367.0 36.7 1935.1949 
368.0 36.8 1929.1858 
369.0 36.9 1920.9522 
370.0 37.0 1910.149 
371.0 37.1 1897.4734 
372.0 37.2 1884.2803 
373.0 37.3 1871.3835 
374.0 37.4 1858.9798 
375.0 37.5 1847.1012 
376.0 37.6 1835.5773 
377.0 37.7 1823.9463 
378.0 37.8 1811.6829 
379.0 37.9 1798.4991 
380.0 38.0 1784.4436 
381.0 38.1 1769.724 
382.0 38.2 1754.56 
383.0 38.3 1739.245 
384.0 38.4 1724.1317 
385.0 38.5 1709.5197 
386.0 38.6 1695.6357 
387.0 38.7 1682.7231 
388.0 38.8 1670.9774 
389.0 38.9 1660.4647 
390.0 39.0 1651.2443 
391.0 39.1 1643.381 
392.0 39.2 1636.8987 
393.0 39.3 1631.7821 
394.0 39.4 1627.8627 
395.0 39.5 1624.7889 
396.0 39.6 1622.0499 
397.0 39.7 1619.0502 
398.0 39.8 1615.4714 
399.0 39.9 1611.4187 
400.0 40.0 1606.8482 
401.0 40.1 1601.6089 
402.0 40.2 1595.7774 
403.0 40.3 1589.4951 
404.0 40.4 1583.0 
405.0 40.5 1576.5089 
406.0 40.6 1570.2658 
407.0 40.7 1564.6804 
408.0 40.8 1560.0542 
409.0 40.9 1556.2544 
410.0 41.0 1552.8362 
411.0 41.1 1549.3716 
412.0 41.2 1545.6886 
413.0 41.3 1542.0196 
414.0 41.4 1538.7993 
415.0 41.5 1536.4586 
416.0 41.6 1535.2046 
417.0 41.7 1534.9113 
418.0 41.8 1535.3328 
419.0 41.9 1536.2128 
420.0 42.0 1537.2806 
421.0 42.1 1538.3945 
422.0 42.2 1539.5148 
423.0 42.3 1540.5737 
424.0 42.4 1541.5283 
425.0 42.5 1542.296 
426.0 42.6 1542.8085 
427.0 42.7 1543.0472 
428.0 42.8 1543.0214 
429.0 42.9 1542.7228 
430.0 43.0 1542.0685 
431.0 43.1 1541.0299 
432.0 43.2 1539.5449 
433.0 43.3 1537.3649 
434.0 43.4 1534.197 
435.0 43.5 1529.8027 
436.0 43.6 1524.096 
437.0 43.7 1517.2576 
438.0 43.8 1509.6297 
439.0 43.9 1501.5345 
440.0 44.0 1493.1082 
441.0 44.1 1484.3343 
442.0 44.2 1475.4883 
443.0 44.3 1466.9689 
444.0 44.4 1458.9352 
445.0 44.5 1451.2296 
446.0 44.6 1443.4551 
447.0 44.7 1435.2702 
448.0 44.8 1426.5014 
449.0 44.9 1417.1374 
450.0 45.0 1407.2632 
451.0 45.1 1396.9392 
452.0 45.2 1386.2631 
453.0 45.3 1375.4354 
454.0 45.4 1364.5812 
455.0 45.5 1353.652 
456.0 45.6 1342.9493 
457.0 45.7 1333.025 
458.0 45.8 1324.0959 
459.0 45.9 1316.2273 
460.0 46.0 1309.4759 
461.0 46.1 1303.8255 
462.0 46.2 1299.1905 
463.0 46.3 1295.5542 
464.0 46.4 1292.8804 
465.0 46.5 1290.8979 
466.0 46.6 1289.1666 
467.0 46.7 1287.3374 
468.0 46.8 1285.3045 
469.0 46.9 1283.1432 
470.0 47.0 1280.9474 
471.0 47.1 1278.745 
472.0 47.2 1276.4428 
473.0 47.3 1274.0039 
474.0 47.4 1271.4227 
475.0 47.5 1268.619 
476.0 47.6 1265.6274 
477.0 47.7 1262.6079 
478.0 47.8 1259.7193 
479.0 47.9 1257.039 
480.0 48.0 1254.5198 
481.0 48.1 1251.9666 
482.0 48.2 1249.2526 
483.0 48.3 1246.3372 
484.0 48.4 1243.146 
485.0 48.5 1239.6149 
486.0 48.6 1235.7232 
487.0 48.7 1231.5183 
488.0 48.8 1227.0453 
489.0 48.9 1222.2997 
490.0 49.0 1217.3091 
491.0 49.1 1212.2029 
492.0 49.2 1207.136 
493.0 49.3 1202.3256 
494.0 49.4 1197.937 
495.0 49.5 1193.932 
496.0 49.6 1190.1545 
497.0 49.7 1186.383 
498.0 49.8 1182.4538 
499.0 49.9 1178.3465 
500.0 50.0 1174.1799 
501.0 50.1 1170.1337 
502.0 50.2 1166.3349 
503.0 50.3 1162.7746 
504.0 50.4 1159.4978 
505.0 50.5 1156.5984 
506.0 50.6 1154.0864 
507.0 50.7 1151.965 
508.0 50.8 1150.1939 
509.0 50.9 1148.7303 
510.0 51.0 1147.5721 
511.0 51.1 1146.6867 
512.0 51.2 1145.9968 
513.0 51.3 1145.366 
514.0 51.4 1144.7551 
515.0 51.5 1144.2074 
516.0 51.6 1143.7405 
517.0 51.7 1143.4356 
518.0 51.8 1143.3681 
519.0 51.9 1143.5374 
520.0 52.0 1143.8416 
521.0 52.1 1144.1464 
522.0 52.2 1144.3551 
523.0 52.3 1144.4754 
524.0 52.4 1144.5582 
525.0 52.5 1144.5828 
526.0 52.6 1144.4739 
527.0 52.7 1144.105 
528.0 52.8 1143.3039 
529.0 52.9 1141.8783 
530.0 53.0 1139.6879 
531.0 53.1 1136.7347 
532.0 53.2 1133.158 
533.0 53.3 1129.1103 
534.0 53.4 1124.6609 
535.0 53.5 1119.8287 
536.0 53.6 1114.6381 
537.0 53.7 1109.1753 
538.0 53.8 1103.5685 
539.0 53.9 1097.9394 
540.0 54.0 1092.4435 
541.0 54.1 1087.2665 
542.0 54.2 1082.5868 
543.0 54.3 1078.5435 
544.0 54.4 1075.2329 
545.0 54.5 1072.717 
546.0 54.6 1071.025 
547.0 54.7 1070.1488 
548.0 54.8 1070.0418 
549.0 54.9 1070.6235 
550.0 55.0 1071.7948 
551.0 55.1 1073.4533 
552.0 55.2 1075.4969 
553.0 55.3 1077.8087 
554.0 55.4 1080.2493 
555.0 55.5 1082.6971 
556.0 55.6 1085.1194 
557.0 55.7 1087.5431 
558.0 55.8 1090.0284 
559.0 55.9 1092.5566 
560.0 56.0 1094.9734 
561.0 56.1 1097.1219 
562.0 56.2 1098.9147 
563.0 56.3 1100.3652 
564.0 56.4 1101.5544 
565.0 56.5 1102.5518 
566.0 56.6 1103.3445 
567.0 56.7 1103.7986 
568.0 56.8 1103.808 
569.0 56.9 1103.3737 
570.0 57.0 1102.5534 
571.0 57.1 1101.4511 
572.0 57.2 1100.1529 
573.0 57.3 1098.6735 
574.0 57.4 1097.0476 
575.0 57.5 1095.3345 
576.0 57.6 1093.5614 
577.0 57.7 1091.7722 
578.0 57.8 1089.992 
579.0 57.9 1088.2018 
580.0 58.0 1086.3317 
581.0 58.1 1084.2854 
582.0 58.2 1081.9943 
583.0 58.3 1079.4534 
584.0 58.4 1076.7115 
585.0 58.5 1073.8471 
586.0 58.6 1070.9439 
587.0 58.7 1068.1778 
588.0 58.8 1065.6044 
589.0 58.9 1063.0199 
590.0 59.0 1060.2229 
591.0 59.1 1057.0841 
592.0 59.2 1053.4917 
593.0 59.3 1049.4211 
594.0 59.4 1044.9146 
595.0 59.5 1040.0005 
596.0 59.6 1034.7362 
597.0 59.7 1029.2008 
598.0 59.8 1023.4864 
599.0 59.9 1017.6988 
600.0 60.0 1011.9636 
601.0 60.1 1006.4207 
602.0 60.2 1001.2026 
603.0 60.3 996.41535 
604.0 60.4 992.13309 
605.0 60.5 988.40446 
606.0 60.6 985.2613 
607.0 60.7 982.72429 
608.0 60.8 980.80257 
609.0 60.9 979.48538 
610.0 61.0 978.72562 
611.0 61.1 978.4237 
612.0 61.2 978.43647 
613.0 61.3 978.63665 
614.0 61.4 978.98606 
615.0 61.5 979.53208 
616.0 61.6 980.32795 
617.0 61.7 981.37427 
618.0 61.8 982.61854 
619.0 61.9 983.97562 
620.0 62.0 985.34224 
621.0 62.1 986.60706 
622.0 62.2 987.66644 
623.0 62.3 988.4491 
624.0 62.4 988.93575 
625.0 62.5 989.15399 
626.0 62.6 989.14825 
627.0 62.7 988.94815 
628.0 62.8 988.55982 
629.0 62.9 987.98404 
630.0 63.0 987.23832 
631.0 63.1 986.3569 
632.0 63.2 985.3684 
633.0 63.3 984.27296 
634.0 63.4 983.03815 
635.0 63.5 981.61737 
636.0 63.6 979.97904 
637.0 63.7 978.12733 
638.0 63.8 976.09963 
639.0 63.9 973.94424 
640.0 64.0 971.69612 
641.0 64.1 969.36369 
642.0 64.2 966.92793 
643.0 64.3 964.35037 
644.0 64.4 961.58601 
645.0 64.5 958.59717 
646.0 64.6 955.3634 
647.0 64.7 951.88582 
648.0 64.8 948.18917 
649.0 64.9 944.32081 
650.0 65.0 940.34117 
651.0 65.1 936.30634 
652.0 65.2 932.2522 
653.0 65.3 928.18695 
654.0 65.4 924.09184 
655.0 65.5 919.92922 
656.0 65.6 915.65763 
657.0 65.7 911.25223 
658.0 65.8 906.72585 
659.0 65.9 902.1409 
660.0 66.0 897.59929 
661.0 66.1 893.21231 
662.0 66.2 889.07121 
663.0 66.3 885.23528 
664.0 66.4 881.73454 
665.0 66.5 878.57697 
666.0 66.6 875.75426 
667.0 66.7 873.24626 
668.0 66.8 871.02602 
669.0 66.9 869.06521 
670.0 67.0 867.33851 
671.0 67.1 865.8247 
672.0 67.2 864.5041 
673.0 67.3 863.35389 
674.0 67.4 862.3436 
675.0 67.5 861.43228 
676.0 67.6 860.56776 
677.0 67.7 859.68834 
678.0 67.8 858.72772 
679.0 67.9 857.62277 
680.0 68.0 856.32167 
681.0 68.1 854.78999 
682.0 68.2 853.01359 
683.0 68.3 851.00001 
684.0 68.4 848.78036 
685.0 68.5 846.41093 
686.0 68.6 843.9701 
687.0 68.7 841.54747 
688.0 68.8 839.22796 
689.0 68.9 837.07821 
690.0 69.0 835.14018 
691.0 69.1 833.43156 
692.0 69.2 831.95137 
693.0 69.3 830.68678 
694.0 69.4 829.61937 
695.0 69.5 828.72931 
696.0 69.6 827.99691 
697.0 69.7 827.4021 
698.0 69.8 826.92324 
699.0 69.9 826.53651 
700.0 70.0 826.21614 
701.0 70.1 825.93537 
702.0 70.2 825.66698 
703.0 70.3 825.38271 
704.0 70.4 825.0511 
705.0 70.5 824.63545 
706.0 70.6 824.09422 
707.0 70.7 823.38523 
708.0 70.8 822.47233 
709.0 70.9 821.33142 
710.0 71.0 819.95446 
711.0 71.1 818.35257 
712.0 71.2 816.55709 
713.0 71.3 814.61514 
714.0 71.4 812.58143 
715.0 71.5 810.51122 
716.0 71.6 808.45669 
717.0 71.7 806.46466 
718.0 71.8 804.57458 
719.0 71.9 802.8168 
720.0 72.0 801.21177 
721.0 72.1 799.77053 
722.0 72.2 798.49629 
723.0 72.3 797.38628 
724.0 72.4 796.43244 
725.0 72.5 795.62081 
726.0 72.6 794.93065 
727.0 72.7 794.33535 
728.0 72.8 793.80542 
729.0 72.9 793.31191 
730.0 73.0 792.828 
731.0 73.1 792.32804 
732.0 73.2 791.78602 
733.0 73.3 791.17561 
734.0 73.4 790.47161 
735.0 73.5 789.65181 
736.0 73.6 788.69996 
737.0 73.7 787.6112 
738.0 73.8 786.39619 
739.0 73.9 785.07679 
740.0 74.0 783.67405 
741.0 74.1 782.19784 
742.0 74.2 780.64391 
743.0 74.3 778.99784 
744.0 74.4 777.24312 
745.0 74.5 775.36998 
746.0 74.6 773.38195 
747.0 74.7 771.29726 
748.0 74.8 769.14483 
749.0 74.9 766.95687 
750.0 75.0 764.76145 
751.0 75.1 762.57744 
752.0 75.2 760.41264 
753.0 75.3 758.26496 
754.0 75.4 756.1259 
755.0 75.5 753.9852 
756.0 75.6 751.83539 
757.0 75.7 749.6751 
758.0 75.8 747.51053 
759.0 75.9 745.3547 
760.0 76.0 743.22502 
761.0 76.1 741.13946 
762.0 76.2 739.11246 
763.0 76.3 737.15134 
764.0 76.4 735.25403 
765.0 76.5 733.40846 
766.0 76.6 731.59348 
767.0 76.7 729.78116 
768.0 76.8 727.94008 
769.0 76.9 726.03992 
770.0 77.0 724.0569 
771.0 77.1 721.97949 
772.0 77.2 719.81215 
773.0 77.3 717.57545 
774.0 77.4 715.30191 
775.0 77.5 713.02957 
776.0 77.6 710.7957 
777.0 77.7 708.63255 
778.0 77.8 706.5653 
779.0 77.9 704.61166 
780.0 78.0 702.78211 
781.0 78.1 701.08041 
782.0 78.2 699.5038 
783.0 78.3 698.0429 
784.0 78.4 696.68107 
785.0 78.5 695.39373 
786.0 78.6 694.14872 
787.0 78.7 692.90911 
788.0 78.8 691.63942 
789.0 78.9 690.31321 
790.0 79.0 688.91815 
791.0 79.1 687.45513 
792.0 79.2 685.93234 
793.0 79.3 684.35861 
794.0 79.4 682.73965 
795.0 79.5 681.07804 
796.0 79.6 679.37482 
797.0 79.7 677.63096 
798.0 79.8 675.8479 
799.0 79.9 674.02759 
800.0 80.0 672.1725 
801.0 80.1 670.28614 
802.0 80.2 668.37372 
803.0 80.3 666.44241 
804.0 80.4 664.50106 
805.0 80.5 662.55942 
806.0 80.6 660.62717 
807.0 80.7 658.71275 
808.0 80.8 656.8222 
809.0 80.9 654.95777 
810.0 81.0 653.1168 
811.0 81.1 651.29121 
812.0 81.2 649.46804 
813.0 81.3 647.63156 
814.0 81.4 645.76669 
815.0 81.5 643.86301 
816.0 81.6 641.91805 
817.0 81.7 639.9381 
818.0 81.8 637.9364 
819.0 81.9 635.92924 
820.0 82.0 633.93221 
821.0 82.1 631.95755 
822.0 82.2 630.01308 
823.0 82.3 628.10222 
824.0 82.4 626.22468 
825.0 82.5 624.37781 
826.0 82.6 622.55817 
827.0 82.7 620.76343 
828.0 82.8 618.99396 
829.0 82.9 617.25361 
830.0 83.0 615.54938 
831.0 83.1 613.89007 
832.0 83.2 612.2843 
833.0 83.3 610.7385 
834.0 83.4 609.25528 
835.0 83.5 607.83243 
836.0 83.6 606.46272 
837.0 83.7 605.13453 
838.0 83.8 603.83334 
839.0 83.9 602.5437 
840.0 84.0 601.25141 
841.0 84.1 599.94547 
842.0 84.2 598.61897 
843.0 84.3 597.26894 
844.0 84.4 595.89477 
845.0 84.5 594.49634 
846.0 84.6 593.07253 
847.0 84.7 591.62106 
848.0 84.8 590.13933 
849.0 84.9 588.62565 
850.0 85.0 587.07977 
851.0 85.1 585.5024 
852.0 85.2 583.89377 
853.0 85.3 582.25215 
854.0 85.4 580.57277 
855.0 85.5 578.84745 
856.0 85.6 577.06493 
857.0 85.7 575.21171 
858.0 85.8 573.27404 
859.0 85.9 571.24163 
860.0 86.0 569.11263 
861.0 86.1 566.89785 
862.0 86.2 564.62126 
863.0 86.3 562.31662 
864.0 86.4 560.02196 
865.0 86.5 557.77461 
866.0 86.6 555.60781 
867.0 86.7 553.54857 
868.0 86.8 551.61635 
869.0 86.9 549.822 
870.0 87.0 548.16692 
871.0 87.1 546.64302 
872.0 87.2 545.23345 
873.0 87.3 543.91435 
874.0 87.4 542.65797 
875.0 87.5 541.4364 
876.0 87.6 540.22536 
877.0 87.7 539.00697 
878.0 87.8 537.77074 
879.0 87.9 536.51275 
880.0 88.0 535.23337 
881.0 88.1 533.93455 
882.0 88.2 532.61731 
883.0 88.3 531.28002 
884.0 88.4 529.91733 
885.0 88.5 528.51998 
886.0 88.6 527.0752 
887.0 88.7 525.56776 
888.0 88.8 523.98157 
889.0 88.9 522.30148 
890.0 89.0 520.51518 
891.0 89.1 518.61448 
892.0 89.2 516.59619 
893.0 89.3 514.46243 
894.0 89.4 512.22082 
895.0 89.5 509.88472 
896.0 89.6 507.47331 
897.0 89.7 505.01124 
898.0 89.8 502.52747 
899.0 89.9 500.05303 
900.0 90.0 497.61791 
901.0 90.1 495.24739 
902.0 90.2 492.95847 
903.0 90.3 490.75723 
904.0 90.4 488.63814 
905.0 90.5 486.58674 
906.0 90.6 484.58621 
907.0 90.7 482.62557 
908.0 90.8 480.70431 
909.0 90.9 478.83015 
910.0 91.0 477.01162 
911.0 91.1 475.25099 
912.0 91.2 473.54158 
913.0 91.3 471.86962 
914.0 91.4 470.21866 
915.0 91.5 468.57414 
916.0 91.6 466.92646 
917.0 91.7 465.27189 
918.0 91.8 463.61163 
919.0 91.9 461.94988 
920.0 92.0 460.29182 
921.0 92.1 458.64187 
922.0 92.2 457.00252 
923.0 92.3 455.37366 
924.0 92.4 453.75216 
925.0 92.5 452.13173 
926.0 92.6 450.50317 
927.0 92.7 448.85508 
928.0 92.8 447.17526 
929.0 92.9 445.45258 
930.0 93.0 443.67915 
931.0 93.1 441.85194 
932.0 93.2 439.97372 
933.0 93.3 438.05285 
934.0 93.4 436.10219 
935.0 93.5 434.13742 
936.0 93.6 432.17507 
937.0 93.7 430.23076 
938.0 93.8 428.31787 
939.0 93.9 426.44681 
940.0 94.0 424.62451 
941.0 94.1 422.85408 
942.0 94.2 421.13443 
943.0 94.3 419.4602 
944.0 94.4 417.82227 
945.0 94.5 416.20904 
946.0 94.6 414.60826 
947.0 94.7 413.00889 
948.0 94.8 411.40219 
949.0 94.9 409.78209 
950.0 95.0 408.14472 
951.0 95.1 406.48807 
952.0 95.2 404.8118 
953.0 95.3 403.11722 
954.0 95.4 401.40725 
955.0 95.5 399.68594 
956.0 95.6 397.95779 
957.0 95.7 396.22704 
958.0 95.8 394.49715 
959.0 95.9 392.77068 
960.0 96.0 391.04962 
961.0 96.1 389.33605 
962.0 96.2 387.63264 
963.0 96.3 385.94303 
964.0 96.4 384.27166 
965.0 96.5 382.62332 
966.0 96.6 381.00257 
967.0 96.7 379.41305 
968.0 96.8 377.85707 
969.0 96.9 376.33514 
970.0 97.0 374.84564 
971.0 97.1 373.38451 
972.0 97.2 371.9449 
973.0 97.3 370.51697 
974.0 97.4 369.08795 
975.0 97.5 367.64283 
976.0 97.6 366.1659 
977.0 97.7 364.64317 
978.0 97.8 363.0654 
979.0 97.9 361.43078 
980.0 98.0 359.7464 
981.0 98.1 358.02821 
982.0 98.2 356.29928 
983.0 98.3 354.58715 
984.0 98.4 352.9209 
985.0 98.5 351.32821 
986.0 98.6 349.83303 
987.0 98.7 348.45416 
988.0 98.8 347.20464 
989.0 98.9 346.0917 
990.0 99.0 345.11661 
991.0 99.1 344.27436 
992.0 99.2 343.55315 
993.0 99.3 342.90419 
994.0 99.4 342.32527 
995.0 99.5 341.84345 
996.0 99.6 341.43031 
997.0 99.7 341.06617 
998.0 99.8 340.73751 
999.0 99.9 340.43391 
1000.0 100.0 340.14493 
1001.0 100.1 342.58295 
