a_1 a_2 energy
10.0 9.9999953 2.97197 
10.01 10.009995 2.97197 
10.02 10.019995 2.9256422 
10.03 10.029995 2.8796881 
10.04 10.039995 2.8341132 
10.05 10.049995 2.788923 
10.06 10.059995 2.7441221 
10.07 10.069995 2.6997153 
10.08 10.079995 2.6557064 
10.09 10.089995 2.6120992 
10.1 10.099995 2.5688967 
10.11 10.109995 2.5261017 
10.12 10.119995 2.4837161 
10.13 10.129995 2.4417415 
10.14 10.139995 2.4001789 
10.15 10.149995 2.3590287 
10.16 10.159995 2.3182905 
10.17 10.169995 2.2779637 
10.18 10.179995 2.2380466 
10.19 10.189995 2.1985372 
10.2 10.199995 2.1594327 
10.21 10.209995 2.1207297 
10.22 10.219995 2.0824241 
10.23 10.229995 2.0445112 
10.24 10.239995 2.0069857 
10.25 10.249995 1.9698414 
10.26 10.259995 1.9330718 
10.27 10.269995 1.8966756 
10.28 10.279995 1.8606382 
10.29 10.289995 1.8249509 
10.3 10.299995 1.7896049 
10.31 10.309995 1.7545905 
10.32 10.319995 1.7198979 
10.33 10.329995 1.6855165 
10.34 10.339995 1.6514353 
10.35 10.349995 1.6176429 
10.36 10.359995 1.5841274 
10.37 10.369995 1.5508766 
10.38 10.379995 1.517878 
10.39 10.389995 1.4851185 
10.4 10.399995 1.452585 
10.41 10.409995 1.4202642 
10.42 10.419995 1.3881422 
10.43 10.429995 1.3562053 
10.44 10.439995 1.3244396 
10.45 10.449995 1.292831 
10.46 10.459995 1.2613654 
10.47 10.469995 1.2300286 
10.48 10.479995 1.1988066 
10.49 10.489995 1.1676852 
10.5 10.499995 1.1366505 
10.51 10.509995 1.1056887 
10.52 10.519995 1.074786 
10.53 10.529995 1.043929 
10.54 10.539995 1.0131042 
10.55 10.549995 0.98229871 
10.56 10.559995 0.95149972 
10.57 10.569995 0.92069476 
10.58 10.579995 0.88987169 
10.59 10.589995 0.85901873 
10.6 10.599995 0.82812447 
10.61 10.609995 0.79717791 
10.62 10.619995 0.76616844 
10.63 10.629995 0.73508592 
10.64 10.639995 0.70392063 
10.65 10.649995 0.67266333 
10.66 10.659995 0.64130524 
10.67 10.669995 0.60983808 
10.68 10.679995 0.57825405 
10.69 10.689995 0.54654589 
10.7 10.699995 0.51470679 
10.71 10.709995 0.48273049 
10.72 10.719995 0.45061125 
10.73 10.729995 0.41834382 
10.74 10.739995 0.38592347 
10.75 10.749995 0.35334601 
10.76 10.759995 0.32060772 
10.77 10.769995 0.28770542 
10.78 10.779995 0.25463642 
10.79 10.789995 0.22139851 
10.8 10.799995 0.18798998 
10.81 10.809995 0.1544096 
10.82 10.819995 0.12065661 
10.83 10.829995 0.086730697 
10.84 10.839995 0.052631999 
10.85 10.849995 0.018361091 
10.86 10.859995 -0.01608103 
10.87 10.869995 -0.050692962 
10.88 10.879995 -0.085472906 
10.89 10.889995 -0.12041868 
10.9 10.899995 -0.15552775 
10.91 10.909995 -0.19079721 
10.92 10.919995 -0.22622383 
10.93 10.929995 -0.26180408 
10.94 10.939995 -0.2975341 
10.95 10.949995 -0.33340975 
10.96 10.959995 -0.36942664 
10.97 10.969995 -0.4055801 
10.98 10.979995 -0.44186525 
10.99 10.989995 -0.47827697 
11.0 10.999995 -0.51480995 
11.01 11.009995 -0.55145869 
11.02 11.019995 -0.58821751 
11.03 11.029995 -0.62508059 
11.04 11.039995 -0.66204197 
11.05 11.049995 -0.69909556 
11.06 11.059995 -0.73623518 
11.07 11.069995 -0.77345454 
11.08 11.079995 -0.81074728 
11.09 11.089995 -0.84810698 
11.1 11.099995 -0.88552717 
11.11 11.109995 -0.92300134 
11.12 11.119995 -0.96052298 
11.13 11.129995 -0.99808554 
11.14 11.139995 -1.0356825 
11.15 11.149995 -1.0733073 
11.16 11.159995 -1.1109536 
11.17 11.169995 -1.1486147 
11.18 11.179995 -1.1862844 
11.19 11.189995 -1.2239563 
11.2 11.199995 -1.2616241 
11.21 11.209995 -1.2992816 
11.22 11.219995 -1.3369226 
11.23 11.229995 -1.3745412 
11.24 11.239995 -1.4121313 
11.25 11.249995 -1.4496872 
11.26 11.259995 -1.4872031 
11.27 11.269995 -1.5246734 
11.28 11.279995 -1.5620926 
11.29 11.289995 -1.5994552 
11.3 11.299995 -1.6367561 
11.31 11.309995 -1.6739901 
11.32 11.319995 -1.7111523 
11.33 11.329995 -1.7482376 
11.34 11.339995 -1.7852415 
11.35 11.349995 -1.8221593 
11.36 11.359995 -1.8589865 
11.37 11.369995 -1.8957189 
11.38 11.379995 -1.9323522 
11.39 11.389995 -1.9688823 
11.4 11.399995 -2.0053054 
11.41 11.409995 -2.0416177 
11.42 11.419995 -2.0778154 
11.43 11.429995 -2.1138952 
11.44 11.439995 -2.1498535 
11.45 11.449995 -2.1856871 
11.46 11.459995 -2.2213929 
11.47 11.469995 -2.2569679 
11.48 11.479995 -2.2924091 
11.49 11.489995 -2.3277138 
11.5 11.499995 -2.3628792 
11.51 11.509995 -2.397903 
11.52 11.519995 -2.4327824 
11.53 11.529995 -2.4675153 
11.54 11.539995 -2.5020994 
11.55 11.549995 -2.5365326 
11.56 11.559995 -2.5708127 
11.57 11.569995 -2.6049378 
11.58 11.579995 -2.6389061 
11.59 11.589995 -2.6727158 
11.6 11.599995 -2.7063651 
11.61 11.609995 -2.7398524 
11.62 11.619995 -2.7731761 
11.63 11.629995 -2.8063349 
11.64 11.639995 -2.8393272 
11.65 11.649995 -2.8721518 
11.66 11.659995 -2.9048072 
11.67 11.669995 -2.9372924 
11.68 11.679995 -2.9696061 
11.69 11.689995 -3.0017472 
11.7 11.699995 -3.0337147 
11.71 11.709995 -3.0655076 
11.72 11.719995 -3.0971248 
11.73 11.729995 -3.1285655 
11.74 11.739995 -3.1598288 
11.75 11.749995 -3.1909139 
11.76 11.759995 -3.2218199 
11.77 11.769995 -3.2525461 
11.78 11.779995 -3.2830918 
11.79 11.789995 -3.3134563 
11.8 11.799994 -3.3436389 
11.81 11.809994 -3.373639 
11.82 11.819994 -3.4034561 
11.83 11.829994 -3.4330896 
11.84 11.839994 -3.4625389 
11.85 11.849994 -3.4918036 
11.86 11.859994 -3.5208832 
11.87 11.869994 -3.5497773 
11.88 11.879994 -3.5784854 
11.89 11.889994 -3.6070071 
11.9 11.899994 -3.6353423 
11.91 11.909994 -3.6634904 
11.92 11.919994 -3.6914513 
11.93 11.929994 -3.7192247 
11.94 11.939994 -3.7468104 
11.95 11.949994 -3.7742082 
11.96 11.959994 -3.801418 
11.97 11.969994 -3.8284397 
11.98 11.979994 -3.8552733 
11.99 11.989994 -3.8819187 
12.0 11.999994 -3.908376 
12.01 12.009994 -3.9346453 
12.02 12.019994 -3.9607268 
12.03 12.029994 -3.9866207 
12.04 12.039994 -4.0123273 
12.05 12.049994 -4.0378469 
12.06 12.059994 -4.06318 
12.07 12.069994 -4.0883271 
12.08 12.079994 -4.1132888 
12.09 12.089994 -4.1380658 
12.1 12.099994 -4.162659 
12.11 12.109994 -4.1870691 
12.12 12.119994 -4.2112974 
12.13 12.129994 -4.2353449 
12.14 12.139994 -4.259213 
12.15 12.149994 -4.2829032 
12.16 12.159994 -4.306417 
12.17 12.169994 -4.3297563 
12.18 12.179994 -4.3529231 
12.19 12.189994 -4.3759197 
12.2 12.199994 -4.3987483 
12.21 12.209994 -4.4214118 
12.22 12.219994 -4.443913 
12.23 12.229994 -4.4662551 
12.24 12.239994 -4.4884417 
12.25 12.249994 -4.5104766 
12.26 12.259994 -4.5323638 
12.27 12.269994 -4.554108 
12.28 12.279994 -4.575714 
12.29 12.289994 -4.5971872 
12.3 12.299994 -4.6185333 
12.31 12.309994 -4.6397586 
12.32 12.319994 -4.6608697 
12.33 12.329994 -4.681874 
12.34 12.339994 -4.7027792 
12.35 12.349994 -4.7235937 
12.36 12.359994 -4.7443265 
12.37 12.369994 -4.7649873 
12.38 12.379994 -4.7855863 
12.39 12.389994 -4.8061346 
12.4 12.399994 -4.8266438 
12.41 12.409994 -4.8471264 
12.42 12.419994 -4.8675957 
12.43 12.429994 -4.8880655 
12.44 12.439994 -4.9085506 
12.45 12.449994 -4.9290666 
12.46 12.459994 -4.9496296 
12.47 12.469994 -4.9702567 
12.48 12.479994 -4.9909656 
12.49 12.489994 -5.0117748 
12.5 12.499994 -5.0327033 
12.51 12.509994 -5.0537706 
12.52 12.519994 -5.074997 
12.53 12.529994 -5.0964027 
12.54 12.539994 -5.1180087 
12.55 12.549994 -5.1398357 
12.56 12.559994 -5.1619045 
12.57 12.569994 -5.1842358 
12.58 12.579994 -5.2068498 
12.59 12.589994 -5.2297661 
12.6 12.599994 -5.2530034 
12.61 12.609994 -5.2765793 
12.62 12.619994 -5.3005101 
12.63 12.629994 -5.3248105 
12.64 12.639994 -5.349493 
12.65 12.649994 -5.3745681 
12.66 12.659994 -5.4000437 
12.67 12.669994 -5.425925 
12.68 12.679994 -5.4522139 
12.69 12.689994 -5.4789093 
12.7 12.699994 -5.5060064 
12.71 12.709994 -5.5334966 
12.72 12.719994 -5.5613679 
12.73 12.729994 -5.589604 
12.74 12.739994 -5.6181849 
12.75 12.749994 -5.6470866 
12.76 12.759994 -5.6762814 
12.77 12.769994 -5.7057381 
12.78 12.779994 -5.735422 
12.79 12.789994 -5.7652954 
12.8 12.799994 -5.7953182 
12.81 12.809994 -5.8254478 
12.82 12.819994 -5.8556401 
12.83 12.829994 -5.8858497 
12.84 12.839994 -5.9160306 
12.85 12.849994 -5.9461369 
12.86 12.859994 -5.9761231 
12.87 12.869994 -6.0059449 
12.88 12.879994 -6.0355597 
12.89 12.889994 -6.0649272 
12.9 12.899994 -6.0940097 
12.91 12.909994 -6.1227726 
12.92 12.919994 -6.1511847 
12.93 12.929994 -6.1792188 
12.94 12.939994 -6.2068516 
12.95 12.949994 -6.2340636 
12.96 12.959994 -6.2608397 
12.97 12.969994 -6.287169 
12.98 12.979994 -6.3130442 
12.99 12.989994 -6.3384624 
13.0 12.999994 -6.3634238 
13.01 13.009994 -6.3879323 
13.02 13.019994 -6.4119946 
13.03 13.029994 -6.4356203 
13.04 13.039994 -6.4588211 
13.05 13.049994 -6.4816108 
13.06 13.059994 -6.5040047 
13.07 13.069994 -6.5260194 
13.08 13.079994 -6.5476722 
13.09 13.089994 -6.568981 
13.1 13.099994 -6.5899639 
13.11 13.109994 -6.6106388 
13.12 13.119994 -6.6310236 
13.13 13.129994 -6.6511353 
13.14 13.139994 -6.6709906 
13.15 13.149994 -6.690605 
13.16 13.159994 -6.7099933 
13.17 13.169994 -6.7291693 
13.18 13.179994 -6.7481457 
13.19 13.189994 -6.7669344 
13.2 13.199994 -6.7855459 
13.21 13.209994 -6.80399 
13.22 13.219994 -6.8222755 
13.23 13.229994 -6.8404104 
13.24 13.239994 -6.8584017 
13.25 13.249994 -6.8762558 
13.26 13.259994 -6.8939785 
13.27 13.269994 -6.9115751 
13.28 13.279994 -6.9290501 
13.29 13.289994 -6.9464078 
13.3 13.299994 -6.9636521 
13.31 13.309994 -6.9807866 
13.32 13.319994 -6.9978146 
13.33 13.329994 -7.0147392 
13.34 13.339994 -7.0315634 
13.35 13.349994 -7.0482899 
13.36 13.359994 -7.0649214 
13.37 13.369994 -7.0814605 
13.38 13.379994 -7.0979095 
13.39 13.389994 -7.114271 
13.4 13.399994 -7.1305472 
13.41 13.409994 -7.1467403 
13.42 13.419994 -7.1628525 
13.43 13.429994 -7.1788858 
13.44 13.439994 -7.1948423 
13.45 13.449994 -7.210724 
13.46 13.459994 -7.2265326 
13.47 13.469994 -7.24227 
13.48 13.479994 -7.2579379 
13.49 13.489994 -7.2735379 
13.5 13.499994 -7.2890716 
13.51 13.509994 -7.3045405 
13.52 13.519994 -7.3199458 
13.53 13.529994 -7.335289 
13.54 13.539994 -7.3505713 
13.55 13.549994 -7.3657937 
13.56 13.559994 -7.3809574 
13.57 13.569994 -7.3960633 
13.58 13.579994 -7.4110947 
13.59 13.589994 -7.4260704 
13.6 13.599994 -7.4409914 
13.61 13.609994 -7.4558582 
13.62 13.619994 -7.4706716 
13.63 13.629994 -7.485432 
13.64 13.639994 -7.5001398 
13.65 13.649994 -7.5147957 
13.66 13.659994 -7.5293998 
13.67 13.669994 -7.5439525 
13.68 13.679994 -7.5584541 
13.69 13.689994 -7.5729049 
13.7 13.699994 -7.587305 
13.71 13.709994 -7.6016546 
13.72 13.719994 -7.6159538 
13.73 13.729994 -7.6302028 
13.74 13.739994 -7.6444016 
13.75 13.749994 -7.6585503 
13.76 13.759994 -7.6726489 
13.77 13.769994 -7.6866975 
13.78 13.779994 -7.7006962 
13.79 13.789994 -7.7146448 
13.8 13.799994 -7.7285435 
13.81 13.809994 -7.7423922 
13.82 13.819994 -7.756191 
13.83 13.829994 -7.7699399 
13.84 13.839994 -7.7836388 
13.85 13.849994 -7.7972878 
13.86 13.859994 -7.8108869 
13.87 13.869994 -7.8244361 
13.88 13.879994 -7.8379355 
13.89 13.889994 -7.8513852 
13.9 13.899994 -7.8647851 
13.91 13.909994 -7.8781354 
13.92 13.919994 -7.8914361 
13.93 13.929994 -7.9046873 
13.94 13.939994 -7.9178892 
13.95 13.949993 -7.9310418 
13.96 13.959993 -7.9441453 
13.97 13.969993 -7.9571999 
13.98 13.979993 -7.9702057 
13.99 13.989993 -7.9831629 
14.0 13.999993 -7.9960717 
14.01 14.009993 -8.0089322 
14.02 14.019993 -8.0217448 
14.03 14.029993 -8.0345097 
14.04 14.039993 -8.047227 
14.05 14.049993 -8.0598972 
14.06 14.059993 -8.0725203 
14.07 14.069993 -8.0850968 
14.08 14.079993 -8.0976269 
14.09 14.089993 -8.1101109 
14.1 14.099993 -8.1225492 
14.11 14.109993 -8.1349421 
14.12 14.119993 -8.1472898 
14.13 14.129993 -8.1595929 
14.14 14.139993 -8.1718516 
14.15 14.149993 -8.1840663 
14.16 14.159993 -8.1962374 
14.17 14.169993 -8.2083652 
14.18 14.179993 -8.2204503 
14.19 14.189993 -8.232493 
14.2 14.199993 -8.2444937 
14.21 14.209993 -8.256453 
14.22 14.219993 -8.2683714 
14.23 14.229993 -8.2802494 
14.24 14.239993 -8.2920878 
14.25 14.249993 -8.3038872 
14.26 14.259993 -8.3156487 
14.27 14.269993 -8.3273735 
14.28 14.279993 -8.3390631 
14.29 14.289993 -8.3507197 
14.3 14.299993 -8.3623459 
14.31 14.309993 -8.3739456 
14.32 14.319993 -8.385524 
14.33 14.329993 -8.3970879 
14.34 14.339993 -8.4086468 
14.35 14.349993 -8.420213 
14.36 14.359993 -8.4318026 
14.37 14.369993 -8.4434352 
14.38 14.379993 -8.4551339 
14.39 14.389993 -8.4669223 
14.4 14.399993 -8.4788182 
14.41 14.409993 -8.4908203 
14.42 14.419993 -8.5028844 
14.43 14.429993 -8.5148828 
14.44 14.439993 -8.5265481 
14.45 14.449993 -8.5374128 
14.46 14.459993 -8.5467819 
14.47 14.469993 -8.5538062 
14.48 14.479993 -8.5577056 
14.49 14.489993 -8.5580902 
14.5 14.499993 -8.5551856 
14.51 14.509993 -8.5497738 
14.52 14.519993 -8.542881 
14.53 14.529993 -8.5354357 
14.54 14.539993 -8.5280856 
14.55 14.549993 -8.5211854 
14.56 14.559993 -8.5148742 
14.57 14.569993 -8.5091639 
14.58 14.579993 -8.5040044 
14.59 14.589993 -8.4993229 
14.6 14.599993 -8.4950423 
14.61 14.609993 -8.491089 
14.62 14.619993 -8.4873953 
14.63 14.629993 -8.4838982 
14.64 14.639993 -8.4805393 
14.65 14.649993 -8.4772632 
14.66 14.659993 -8.4740177 
14.67 14.669993 -8.4707537 
14.68 14.679993 -8.467425 
14.69 14.689993 -8.4639892 
14.7 14.699993 -8.4604076 
14.71 14.709993 -8.4566456 
14.72 14.719993 -8.4526731 
14.73 14.729993 -8.4484644 
14.74 14.739993 -8.4439982 
14.75 14.749993 -8.4392576 
14.76 14.759993 -8.4342304 
14.77 14.769993 -8.4289088 
14.78 14.779993 -8.4232905 
14.79 14.789993 -8.4173787 
14.8 14.799993 -8.4111841 
14.81 14.809993 -8.4047262 
14.82 14.819993 -8.3980351 
14.83 14.829993 -8.3911528 
14.84 14.839993 -8.3841316 
14.85 14.849993 -8.3770295 
14.86 14.859993 -8.3698988 
14.87 14.869993 -8.3627705 
14.88 14.879993 -8.3556385 
14.89 14.889993 -8.3484503 
14.9 14.899993 -8.3411115 
14.91 14.909993 -8.3335037 
14.92 14.919993 -8.3255107 
14.93 14.929993 -8.3170402 
14.94 14.939993 -8.3080368 
14.95 14.949993 -8.2984826 
14.96 14.959993 -8.2883895 
14.97 14.969993 -8.2777896 
14.98 14.979993 -8.2667245 
14.99 14.989993 -8.2552386 
15.0 14.999993 -8.2433739 
15.01 15.009993 -8.231168 
15.02 15.019993 -8.2186532 
15.03 15.029993 -8.2058563 
15.04 15.039993 -8.1927997 
15.05 15.049993 -8.1795014 
15.06 15.059993 -8.1659765 
15.07 15.069993 -8.1522374 
15.08 15.079993 -8.1382945 
15.09 15.089993 -8.1241566 
15.1 15.099993 -8.1098314 
15.11 15.109993 -8.0953257 
15.12 15.119993 -8.0806456 
15.13 15.129993 -8.0657968 
15.14 15.139993 -8.0507845 
15.15 15.149993 -8.035614 
15.16 15.159993 -8.0202901 
15.17 15.169993 -8.0048177 
15.18 15.179993 -7.9892017 
15.19 15.189993 -7.973447 
15.2 15.199993 -7.9575588 
15.21 15.209993 -7.941542 
15.22 15.219993 -7.9254021 
15.23 15.229993 -7.9091447 
15.24 15.239993 -7.8927755 
15.25 15.249993 -7.8763007 
15.26 15.259993 -7.8597267 
15.27 15.269993 -7.8430604 
15.28 15.279993 -7.8263089 
15.29 15.289993 -7.80948 
15.3 15.299993 -7.7925817 
15.31 15.309993 -7.7756227 
15.32 15.319993 -7.7586123 
15.33 15.329993 -7.7415601 
15.34 15.339993 -7.7244766 
15.35 15.349993 -7.7073729 
15.36 15.359993 -7.6902606 
15.37 15.369993 -7.6731521 
15.38 15.379993 -7.6560605 
15.39 15.389993 -7.6389997 
15.4 15.399993 -7.6219841 
15.41 15.409993 -7.6050292 
15.42 15.419993 -7.588151 
15.43 15.429993 -7.5713662 
15.44 15.439993 -7.5546923 
15.45 15.449993 -7.5381475 
15.46 15.459993 -7.5217506 
15.47 15.469993 -7.505521 
15.48 15.479993 -7.4894788 
15.49 15.489993 -7.4736443 
15.5 15.499993 -7.4580386 
15.51 15.509993 -7.4426827 
15.52 15.519993 -7.4275983 
15.53 15.529993 -7.4128069 
15.54 15.539993 -7.39833 
15.55 15.549993 -7.3841892 
15.56 15.559993 -7.3704057 
15.57 15.569993 -7.3570003 
15.58 15.579993 -7.3439932 
15.59 15.589993 -7.3314038 
15.6 15.599993 -7.3192509 
15.61 15.609993 -7.3075517 
15.62 15.619993 -7.2963225 
15.63 15.629993 -7.2855779 
15.64 15.639993 -7.275331 
15.65 15.649993 -7.2655927 
15.66 15.659993 -7.2563722 
15.67 15.669993 -7.2477033 
15.68 15.679993 -7.2396585 
15.69 15.689993 -7.2321382 
15.7 15.699993 -7.2251415 
15.71 15.709993 -7.2186646 
15.72 15.719993 -7.2127004 
15.73 15.729993 -7.2072391 
15.74 15.739993 -7.2022673 
15.75 15.749993 -7.1977686 
15.76 15.759993 -7.1937231 
15.77 15.769993 -7.1901077 
15.78 15.779993 -7.1868961 
15.79 15.789993 -7.1840586 
15.8 15.799993 -7.1815626 
15.81 15.809993 -7.1793726 
15.82 15.819993 -7.1774501 
15.83 15.829993 -7.1757541 
15.84 15.839993 -7.1742415 
15.85 15.849993 -7.1728669 
15.86 15.859993 -7.1715834 
15.87 15.869993 -7.1703428 
15.88 15.879993 -7.1690956 
15.89 15.889993 -7.1677922 
15.9 15.899993 -7.1663825 
15.91 15.909993 -7.1648168 
15.92 15.919993 -7.1630461 
15.93 15.929993 -7.1610225 
15.94 15.939993 -7.1586996 
15.95 15.949993 -7.1560332 
15.96 15.959993 -7.1529812 
15.97 15.969993 -7.1495044 
15.98 15.979993 -7.1455666 
15.99 15.989993 -7.1411347 
16.0 15.999993 -7.1361796 
16.01 16.009993 -7.1306756 
16.02 16.019993 -7.1246011 
16.03 16.029993 -7.1179385 
16.04 16.039993 -7.1106743 
16.05 16.049993 -7.1027988 
16.06 16.059993 -7.0943065 
16.07 16.069993 -7.0851957 
16.08 16.079993 -7.0754685 
16.09 16.089992 -7.0651302 
16.1 16.099992 -7.0541895 
16.11 16.109992 -7.0426583 
16.12 16.119992 -7.0305507 
16.13 16.129992 -7.0178835 
16.14 16.139992 -7.0046754 
16.15 16.149992 -6.9909466 
16.16 16.159992 -6.9767187 
16.17 16.169992 -6.9620143 
16.18 16.179992 -6.9468564 
16.19 16.189992 -6.9312684 
16.2 16.199992 -6.9152736 
16.21 16.209992 -6.8988947 
16.22 16.219992 -6.882154 
16.23 16.229992 -6.8650727 
16.24 16.239992 -6.8476709 
16.25 16.249992 -6.8299678 
16.26 16.259992 -6.8119858 
16.27 16.269992 -6.7937424 
16.28 16.279992 -6.7752517 
16.29 16.289992 -6.7565258 
16.3 16.299992 -6.7375743 
16.31 16.309992 -6.7184051 
16.32 16.319992 -6.6990236 
16.33 16.329992 -6.6794332 
16.34 16.339992 -6.6596354 
16.35 16.349992 -6.6396296 
16.36 16.359992 -6.6194136 
16.37 16.369992 -6.5989834 
16.38 16.379992 -6.5783338 
16.39 16.389992 -6.557458 
16.4 16.399992 -6.5363483 
16.41 16.409992 -6.5149964 
16.42 16.419992 -6.4933932 
16.43 16.429992 -6.4715292 
16.44 16.439992 -6.4493953 
16.45 16.449992 -6.4269822 
16.46 16.459992 -6.4042816 
16.47 16.469992 -6.3812857 
16.48 16.479992 -6.3579881 
16.49 16.489992 -6.3343838 
16.5 16.499992 -6.3104695 
16.51 16.509992 -6.286244 
16.52 16.519992 -6.2617081 
16.53 16.529992 -6.2368651 
16.54 16.539992 -6.2117211 
16.55 16.549992 -6.1862846 
16.56 16.559992 -6.160567 
16.57 16.569992 -6.1345825 
16.58 16.579992 -6.1083481 
16.59 16.589992 -6.0818835 
16.6 16.599992 -6.055211 
16.61 16.609992 -6.0283553 
16.62 16.619992 -6.0013431 
16.63 16.629992 -5.9742033 
16.64 16.639992 -5.9469662 
16.65 16.649992 -5.9196634 
16.66 16.659992 -5.8923276 
16.67 16.669992 -5.8649917 
16.68 16.679992 -5.837689 
16.69 16.689992 -5.8104528 
16.7 16.699992 -5.7833157 
16.71 16.709992 -5.7563094 
16.72 16.719992 -5.7294646 
16.73 16.729992 -5.7028104 
16.74 16.739992 -5.6763746 
16.75 16.749992 -5.6501829 
16.76 16.759992 -5.6242591 
16.77 16.769992 -5.5986247 
16.78 16.779992 -5.5732993 
16.79 16.789992 -5.5483002 
16.8 16.799992 -5.5236423 
16.81 16.809992 -5.4993384 
16.82 16.819992 -5.4753991 
16.83 16.829992 -5.4518331 
16.84 16.839992 -5.4286467 
16.85 16.849992 -5.4058446 
16.86 16.859992 -5.3834297 
16.87 16.869992 -5.3614031 
16.88 16.879992 -5.3397646 
16.89 16.889992 -5.3185123 
16.9 16.899992 -5.2976433 
16.91 16.909992 -5.2771536 
16.92 16.919992 -5.2570381 
16.93 16.929992 -5.2372907 
16.94 16.939992 -5.2179049 
16.95 16.949992 -5.1988733 
16.96 16.959992 -5.180188 
16.97 16.969992 -5.1618408 
16.98 16.979992 -5.1438229 
16.99 16.989992 -5.1261255 
17.0 16.999992 -5.1087395 
17.01 17.009992 -5.0916555 
17.02 17.019992 -5.0748643 
17.03 17.029992 -5.0583565 
17.04 17.039992 -5.0421228 
17.05 17.049992 -5.0261539 
17.06 17.059992 -5.0104406 
17.07 17.069992 -4.9949739 
17.08 17.079992 -4.9797448 
17.09 17.089992 -4.9647446 
17.1 17.099992 -4.9499648 
17.11 17.109992 -4.935397 
17.12 17.119992 -4.9210331 
17.13 17.129992 -4.906865 
17.14 17.139992 -4.8928851 
17.15 17.149992 -4.8790859 
17.16 17.159992 -4.8654601 
17.17 17.169992 -4.8520007 
17.18 17.179992 -4.8387009 
17.19 17.189992 -4.8255542 
17.2 17.199992 -4.8125542 
17.21 17.209992 -4.7996947 
17.22 17.219992 -4.7869699 
17.23 17.229992 -4.7743741 
17.24 17.239992 -4.7619018 
17.25 17.249992 -4.749545 
17.26 17.259992 -4.7372582 
17.27 17.269992 -4.7250274 
17.28 17.279992 -4.7128524 
17.29 17.289992 -4.7007332 
17.3 17.299992 -4.6886697 
17.31 17.309992 -4.6766618 
17.32 17.319992 -4.6647092 
17.33 17.329992 -4.6528119 
17.34 17.339992 -4.6409696 
17.35 17.349992 -4.6291821 
17.36 17.359992 -4.617449 
17.37 17.369992 -4.60577 
17.38 17.379992 -4.5941448 
17.39 17.389992 -4.5825731 
17.4 17.399992 -4.5710544 
17.41 17.409992 -4.5595884 
17.42 17.419992 -4.5481747 
17.43 17.429992 -4.5368127 
17.44 17.439992 -4.525502 
17.45 17.449992 -4.5142422 
17.46 17.459992 -4.5030327 
17.47 17.469992 -4.491873 
17.48 17.479992 -4.4807627 
17.49 17.489992 -4.4697011 
17.5 17.499992 -4.4586877 
17.51 17.509992 -4.4477219 
17.52 17.519992 -4.4368032 
17.53 17.529992 -4.425931 
17.54 17.539992 -4.4151046 
17.55 17.549992 -4.4043236 
17.56 17.559992 -4.3935872 
17.57 17.569992 -4.3828949 
17.58 17.579992 -4.372246 
17.59 17.589992 -4.3616399 
17.6 17.599992 -4.351076 
17.61 17.609992 -4.3405536 
17.62 17.619992 -4.3300722 
17.63 17.629992 -4.319631 
17.64 17.639992 -4.3092295 
17.65 17.649992 -4.2988669 
17.66 17.659992 -4.2885427 
17.67 17.669992 -4.2782561 
17.68 17.679992 -4.2680067 
17.69 17.689992 -4.2577936 
17.7 17.699992 -4.2476163 
17.71 17.709992 -4.2374742 
17.72 17.719992 -4.2273665 
17.73 17.729992 -4.2172926 
17.74 17.739992 -4.207252 
17.75 17.749992 -4.197244 
17.76 17.759992 -4.1872679 
17.77 17.769992 -4.1773232 
17.78 17.779992 -4.1674092 
17.79 17.789992 -4.1575253 
17.8 17.799992 -4.1476708 
17.81 17.809992 -4.1378452 
17.82 17.819992 -4.1280479 
17.83 17.829992 -4.1182783 
17.84 17.839992 -4.1085357 
17.85 17.849992 -4.0988197 
17.86 17.859992 -4.0891295 
17.87 17.869992 -4.0794647 
17.88 17.879992 -4.0698246 
17.89 17.889992 -4.0602087 
17.9 17.899992 -4.0506164 
17.91 17.909992 -4.0410473 
17.92 17.919992 -4.0315006 
17.93 17.929992 -4.0219759 
17.94 17.939992 -4.0124727 
17.95 17.949992 -4.0029904 
17.96 17.959992 -3.9935285 
17.97 17.969992 -3.9840865 
17.98 17.979992 -3.9746639 
17.99 17.989992 -3.9652601 
18.0 17.999992 -3.9558747 
18.01 18.009992 -3.9465072 
18.02 18.019992 -3.9371571 
18.03 18.029992 -3.9278239 
18.04 18.039992 -3.9185072 
18.05 18.049992 -3.9092065 
18.06 18.059992 -3.8999213 
18.07 18.069992 -3.8906512 
18.08 18.079992 -3.8813957 
18.09 18.089992 -3.8721545 
18.1 18.099992 -3.8629271 
18.11 18.109992 -3.853713 
18.12 18.119992 -3.8445119 
18.13 18.129992 -3.8353233 
18.14 18.139992 -3.8261469 
18.15 18.149992 -3.8169822 
18.16 18.159992 -3.8078288 
18.17 18.169992 -3.7986865 
18.18 18.179992 -3.7895548 
18.19 18.189992 -3.7804332 
18.2 18.199992 -3.7713216 
18.21 18.209992 -3.7622195 
18.22 18.219992 -3.7531266 
18.23 18.229992 -3.7440425 
18.24 18.239991 -3.7349669 
18.25 18.249991 -3.7258994 
18.26 18.259991 -3.7168398 
18.27 18.269991 -3.7077878 
18.28 18.279991 -3.698743 
18.29 18.289991 -3.6897051 
18.3 18.299991 -3.6806738 
18.31 18.309991 -3.6716488 
18.32 18.319991 -3.6626299 
18.33 18.329991 -3.6536168 
18.34 18.339991 -3.6446091 
18.35 18.349991 -3.6356067 
18.36 18.359991 -3.6266093 
18.37 18.369991 -3.6176166 
18.38 18.379991 -3.6086283 
18.39 18.389991 -3.5996443 
18.4 18.399991 -3.5906642 
18.41 18.409991 -3.5816879 
18.42 18.419991 -3.5727152 
18.43 18.429991 -3.5637457 
18.44 18.439991 -3.5547794 
18.45 18.449991 -3.5458159 
18.46 18.459991 -3.5368552 
18.47 18.469991 -3.5278969 
18.48 18.479991 -3.5189409 
18.49 18.489991 -3.509987 
18.5 18.499991 -3.501035 
18.51 18.509991 -3.4920848 
18.52 18.519991 -3.4831362 
18.53 18.529991 -3.474189 
18.54 18.539991 -3.465243 
18.55 18.549991 -3.4562981 
18.56 18.559991 -3.4473542 
18.57 18.569991 -3.438411 
18.58 18.579991 -3.4294685 
18.59 18.589991 -3.4205265 
18.6 18.599991 -3.4115849 
18.61 18.609991 -3.4026436 
18.62 18.619991 -3.3937023 
18.63 18.629991 -3.3847611 
18.64 18.639991 -3.3758198 
18.65 18.649991 -3.3668783 
18.66 18.659991 -3.3579365 
18.67 18.669991 -3.3489943 
18.68 18.679991 -3.3400515 
18.69 18.689991 -3.3311081 
18.7 18.699991 -3.3221641 
18.71 18.709991 -3.3132193 
18.72 18.719991 -3.3042736 
18.73 18.729991 -3.295327 
18.74 18.739991 -3.2863794 
18.75 18.749991 -3.2774307 
18.76 18.759991 -3.2684809 
18.77 18.769991 -3.2595299 
18.78 18.779991 -3.2505777 
18.79 18.789991 -3.2416241 
18.8 18.799991 -3.2326692 
18.81 18.809991 -3.223713 
18.82 18.819991 -3.2147552 
18.83 18.829991 -3.2057961 
18.84 18.839991 -3.1968354 
18.85 18.849991 -3.1878732 
18.86 18.859991 -3.1789094 
18.87 18.869991 -3.169944 
18.88 18.879991 -3.1609771 
18.89 18.889991 -3.1520085 
18.9 18.899991 -3.1430383 
18.91 18.909991 -3.1340664 
18.92 18.919991 -3.1250929 
18.93 18.929991 -3.1161177 
18.94 18.939991 -3.1071409 
18.95 18.949991 -3.0981624 
18.96 18.959991 -3.0891822 
18.97 18.969991 -3.0802004 
18.98 18.979991 -3.071217 
18.99 18.989991 -3.062232 
19.0 18.999991 -3.0532453 
19.01 19.009991 -3.0442571 
19.02 19.019991 -3.0352673 
19.03 19.029991 -3.0262759 
19.04 19.039991 -3.017283 
19.05 19.049991 -3.0082887 
19.06 19.059991 -2.9992929 
19.07 19.069991 -2.9902957 
19.08 19.079991 -2.9812971 
19.09 19.089991 -2.9722971 
19.1 19.099991 -2.9632958 
19.11 19.109991 -2.9542933 
19.12 19.119991 -2.9452896 
19.13 19.129991 -2.9362847 
19.14 19.139991 -2.9272787 
19.15 19.149991 -2.9182716 
19.16 19.159991 -2.9092635 
19.17 19.169991 -2.9002544 
19.18 19.179991 -2.8912445 
19.19 19.189991 -2.8822337 
19.2 19.199991 -2.8732221 
19.21 19.209991 -2.8642098 
19.22 19.219991 -2.8551969 
19.23 19.229991 -2.8461834 
19.24 19.239991 -2.8371694 
19.25 19.249991 -2.8281549 
19.26 19.259991 -2.8191401 
19.27 19.269991 -2.810125 
19.28 19.279991 -2.8011096 
19.29 19.289991 -2.7920941 
19.3 19.299991 -2.7830786 
19.31 19.309991 -2.7740631 
19.32 19.319991 -2.7650476 
19.33 19.329991 -2.7560324 
19.34 19.339991 -2.7470174 
19.35 19.349991 -2.7380028 
19.36 19.359991 -2.7289886 
19.37 19.369991 -2.719975 
19.38 19.379991 -2.710962 
19.39 19.389991 -2.7019496 
19.4 19.399991 -2.6929381 
19.41 19.409991 -2.6839275 
19.42 19.419991 -2.6749179 
19.43 19.429991 -2.6659093 
19.44 19.439991 -2.656902 
19.45 19.449991 -2.6478959 
19.46 19.459991 -2.6388912 
19.47 19.469991 -2.6298879 
19.48 19.479991 -2.6208863 
19.49 19.489991 -2.6118863 
19.5 19.499991 -2.6028881 
19.51 19.509991 -2.5938918 
19.52 19.519991 -2.5848974 
19.53 19.529991 -2.5759052 
19.54 19.539991 -2.5669152 
19.55 19.549991 -2.5579274 
19.56 19.559991 -2.5489421 
19.57 19.569991 -2.5399593 
19.58 19.579991 -2.5309791 
19.59 19.589991 -2.5220017 
19.6 19.599991 -2.5130271 
19.61 19.609991 -2.5040555 
19.62 19.619991 -2.4950869 
19.63 19.629991 -2.4861215 
19.64 19.639991 -2.4771594 
19.65 19.649991 -2.4682007 
19.66 19.659991 -2.4592455 
19.67 19.669991 -2.4502939 
19.68 19.679991 -2.4413461 
19.69 19.689991 -2.4324021 
19.7 19.699991 -2.4234621 
19.71 19.709991 -2.4145262 
19.72 19.719991 -2.4055945 
19.73 19.729991 -2.3966671 
19.74 19.739991 -2.3877442 
19.75 19.749991 -2.3788257 
19.76 19.759991 -2.369912 
19.77 19.769991 -2.361003 
19.78 19.779991 -2.3520989 
19.79 19.789991 -2.3431999 
19.8 19.799991 -2.334306 
19.81 19.809991 -2.3254173 
19.82 19.819991 -2.316534 
19.83 19.829991 -2.3076562 
19.84 19.839991 -2.298784 
19.85 19.849991 -2.2899175 
19.86 19.859991 -2.2810568 
19.87 19.869991 -2.2722022 
19.88 19.879991 -2.2633536 
19.89 19.889991 -2.2545111 
19.9 19.899991 -2.2456751 
19.91 19.909991 -2.2368454 
19.92 19.919991 -2.2280223 
19.93 19.929991 -2.2192059 
19.94 19.939991 -2.2103962 
19.95 19.949991 -2.2015935 
19.96 19.959991 -2.1927978 
19.97 19.969991 -2.1840093 
19.98 19.979991 -2.175228 
19.99 19.989991 -2.1664541 
20.0 19.999991 -2.1576877 
20.01 20.009991 -2.148929 
20.02 20.019991 -2.140178 
20.03 20.029991 -2.1314348 
20.04 20.039991 -2.1226996 
20.05 20.049991 -2.1139726 
20.06 20.059991 -2.1052537 
20.07 20.069991 -2.0965432 
20.08 20.079991 -2.0878411 
20.09 20.089991 -2.0791476 
20.1 20.099991 -2.0704628 
20.11 20.109991 -2.0617868 
20.12 20.119991 -2.0531197 
20.13 20.129991 -2.0444616 
20.14 20.139991 -2.0358127 
20.15 20.149991 -2.0271731 
20.16 20.159991 -2.0185429 
20.17 20.169991 -2.0099221 
20.18 20.179991 -2.001311 
20.19 20.189991 -1.9927097 
20.2 20.199991 -1.9841181 
20.21 20.209991 -1.9755366 
20.22 20.219991 -1.9669651 
20.23 20.229991 -1.9584038 
20.24 20.239991 -1.9498529 
20.25 20.249991 -1.9413123 
20.26 20.259991 -1.9327823 
20.27 20.269991 -1.924263 
20.28 20.279991 -1.9157544 
20.29 20.289991 -1.9072567 
20.3 20.299991 -1.89877 
20.31 20.309991 -1.8902944 
20.32 20.319991 -1.8818301 
20.33 20.329991 -1.873377 
20.34 20.339991 -1.8649354 
20.35 20.349991 -1.8565053 
20.36 20.359991 -1.8480869 
20.37 20.369991 -1.8396803 
20.38 20.37999 -1.8312856 
20.39 20.38999 -1.8229028 
20.4 20.39999 -1.8145322 
20.41 20.40999 -1.8061738 
20.42 20.41999 -1.7978276 
20.43 20.42999 -1.789494 
20.44 20.43999 -1.7811728 
20.45 20.44999 -1.7728643 
20.46 20.45999 -1.7645685 
20.47 20.46999 -1.7562857 
20.48 20.47999 -1.7480157 
20.49 20.48999 -1.7397589 
20.5 20.49999 -1.7315152 
20.51 20.50999 -1.7232848 
20.52 20.51999 -1.7150678 
20.53 20.52999 -1.7068642 
20.54 20.53999 -1.6986743 
20.55 20.54999 -1.6904981 
20.56 20.55999 -1.6823356 
20.57 20.56999 -1.6741871 
20.58 20.57999 -1.6660526 
20.59 20.58999 -1.6579322 
20.6 20.59999 -1.6498259 
20.61 20.60999 -1.6417341 
20.62 20.61999 -1.6336566 
20.63 20.62999 -1.6255936 
20.64 20.63999 -1.6175452 
20.65 20.64999 -1.6095116 
20.66 20.65999 -1.6014927 
20.67 20.66999 -1.5934888 
20.68 20.67999 -1.5854999 
20.69 20.68999 -1.577526 
20.7 20.69999 -1.5695674 
20.71 20.70999 -1.5616241 
20.72 20.71999 -1.5536962 
20.73 20.72999 -1.5457837 
20.74 20.73999 -1.5378868 
20.75 20.74999 -1.5300057 
20.76 20.75999 -1.5221402 
20.77 20.76999 -1.5142907 
20.78 20.77999 -1.5064571 
20.79 20.78999 -1.4986396 
20.8 20.79999 -1.4908382 
20.81 20.80999 -1.483053 
20.82 20.81999 -1.4752842 
20.83 20.82999 -1.4675318 
20.84 20.83999 -1.4597959 
20.85 20.84999 -1.4520765 
20.86 20.85999 -1.4443739 
20.87 20.86999 -1.4366881 
20.88 20.87999 -1.4290191 
20.89 20.88999 -1.4213671 
20.9 20.89999 -1.4137321 
20.91 20.90999 -1.4061142 
20.92 20.91999 -1.3985136 
20.93 20.92999 -1.3909302 
20.94 20.93999 -1.3833643 
20.95 20.94999 -1.3758158 
20.96 20.95999 -1.3682848 
20.97 20.96999 -1.3607715 
20.98 20.97999 -1.353276 
20.99 20.98999 -1.3457982 
21.0 20.99999 -1.3383383 
21.01 21.00999 -1.3308963 
21.02 21.01999 -1.3234725 
21.03 21.02999 -1.3160667 
21.04 21.03999 -1.3086792 
21.05 21.04999 -1.3013099 
21.06 21.05999 -1.293959 
21.07 21.06999 -1.2866266 
21.08 21.07999 -1.2793126 
21.09 21.08999 -1.2720173 
21.1 21.09999 -1.2647407 
21.11 21.10999 -1.2574828 
21.12 21.11999 -1.2502437 
21.13 21.12999 -1.2430235 
21.14 21.13999 -1.2358224 
21.15 21.14999 -1.2286402 
21.16 21.15999 -1.2214772 
21.17 21.16999 -1.2143334 
21.18 21.17999 -1.2072089 
21.19 21.18999 -1.2001037 
21.2 21.19999 -1.1930179 
21.21 21.20999 -1.1859516 
21.22 21.21999 -1.1789049 
21.23 21.22999 -1.1718778 
21.24 21.23999 -1.1648704 
21.25 21.24999 -1.1578828 
21.26 21.25999 -1.1509149 
21.27 21.26999 -1.143967 
21.28 21.27999 -1.1370391 
21.29 21.28999 -1.1301311 
21.3 21.29999 -1.1232433 
21.31 21.30999 -1.1163757 
21.32 21.31999 -1.1095282 
21.33 21.32999 -1.1027011 
21.34 21.33999 -1.0958943 
21.35 21.34999 -1.0891079 
21.36 21.35999 -1.082342 
21.37 21.36999 -1.0755966 
21.38 21.37999 -1.0688719 
21.39 21.38999 -1.0621678 
21.4 21.39999 -1.0554844 
21.41 21.40999 -1.0488218 
21.42 21.41999 -1.04218 
21.43 21.42999 -1.0355592 
21.44 21.43999 -1.0289593 
21.45 21.44999 -1.0223804 
21.46 21.45999 -1.0158225 
21.47 21.46999 -1.0092858 
21.48 21.47999 -1.0027703 
21.49 21.48999 -0.99627597 
21.5 21.49999 -0.98980295 
21.51 21.50999 -0.98335126 
21.52 21.51999 -0.97692097 
21.53 21.52999 -0.97051211 
21.54 21.53999 -0.96412475 
21.55 21.54999 -0.95775893 
21.56 21.55999 -0.95141471 
21.57 21.56999 -0.94509212 
21.58 21.57999 -0.93879123 
21.59 21.58999 -0.93251208 
21.6 21.59999 -0.92625471 
21.61 21.60999 -0.92001918 
21.62 21.61999 -0.91380553 
21.63 21.62999 -0.9076138 
21.64 21.63999 -0.90144404 
21.65 21.64999 -0.8952963 
21.66 21.65999 -0.88917062 
21.67 21.66999 -0.88306703 
21.68 21.67999 -0.87698559 
21.69 21.68999 -0.87092633 
21.7 21.69999 -0.8648893 
21.71 21.70999 -0.85887453 
21.72 21.71999 -0.85288207 
21.73 21.72999 -0.84691196 
21.74 21.73999 -0.84096423 
21.75 21.74999 -0.83503892 
21.76 21.75999 -0.82913606 
21.77 21.76999 -0.82325571 
21.78 21.77999 -0.81739788 
21.79 21.78999 -0.81156262 
21.8 21.79999 -0.80574995 
21.81 21.80999 -0.79995992 
21.82 21.81999 -0.79419256 
21.83 21.82999 -0.7884479 
21.84 21.83999 -0.78272596 
21.85 21.84999 -0.77702679 
21.86 21.85999 -0.77135041 
21.87 21.86999 -0.76569685 
21.88 21.87999 -0.76006615 
21.89 21.88999 -0.75445832 
21.9 21.89999 -0.7488734 
21.91 21.90999 -0.74331141 
21.92 21.91999 -0.73777238 
21.93 21.92999 -0.73225634 
21.94 21.93999 -0.72676331 
21.95 21.94999 -0.72129332 
21.96 21.95999 -0.71584638 
21.97 21.96999 -0.71042253 
21.98 21.97999 -0.70502178 
21.99 21.98999 -0.69964415 
22.0 21.99999 -0.69428967 
22.01 22.00999 -0.68895835 
22.02 22.01999 -0.68365022 
22.03 22.02999 -0.6783653 
22.04 22.03999 -0.67310359 
22.05 22.04999 -0.67042358 
22.06 22.05999 -0.66516847 
22.07 22.06999 -0.65993706 
22.08 22.07999 -0.65472937 
22.09 22.08999 -0.64954541 
22.1 22.09999 -0.6443852 
22.11 22.10999 -0.63924874 
22.12 22.11999 -0.63413604 
22.13 22.12999 -0.62904712 
22.14 22.13999 -0.62398199 
22.15 22.14999 -0.61894065 
22.16 22.15999 -0.61392311 
22.17 22.16999 -0.60892937 
22.18 22.17999 -0.60395946 
22.19 22.18999 -0.59901336 
22.2 22.19999 -0.59409109 
22.21 22.20999 -0.58919265 
22.22 22.21999 -0.58431804 
22.23 22.22999 -0.57946726 
22.24 22.23999 -0.57464032 
22.25 22.24999 -0.56983722 
22.26 22.25999 -0.56505795 
22.27 22.26999 -0.56030252 
22.28 22.27999 -0.55557093 
22.29 22.28999 -0.55086317 
22.3 22.29999 -0.54617924 
22.31 22.30999 -0.54151914 
22.32 22.31999 -0.53688286 
22.33 22.32999 -0.53227039 
22.34 22.33999 -0.52768174 
22.35 22.34999 -0.52311689 
22.36 22.35999 -0.51857584 
22.37 22.36999 -0.51405857 
22.38 22.37999 -0.50956509 
22.39 22.38999 -0.50509538 
22.4 22.39999 -0.50064942 
22.41 22.40999 -0.49622722 
22.42 22.41999 -0.49182875 
22.43 22.42999 -0.487454 
22.44 22.43999 -0.48310297 
22.45 22.44999 -0.47877562 
22.46 22.45999 -0.47447197 
22.47 22.46999 -0.47019197 
22.48 22.47999 -0.46593563 
22.49 22.48999 -0.46170291 
22.5 22.49999 -0.45749381 
22.51 22.50999 -0.4533083 
22.52 22.51999 -0.44914637 
22.53 22.529989 -0.445008 
22.54 22.539989 -0.44089316 
22.55 22.549989 -0.43680183 
22.56 22.559989 -0.43273399 
22.57 22.569989 -0.42868962 
22.58 22.579989 -0.42466869 
22.59 22.589989 -0.42067118 
22.6 22.599989 -0.41669707 
22.61 22.609989 -0.41274632 
22.62 22.619989 -0.40881891 
22.63 22.629989 -0.40491482 
22.64 22.639989 -0.40103401 
22.65 22.649989 -0.39717646 
22.66 22.659989 -0.39334214 
22.67 22.669989 -0.38953101 
22.68 22.679989 -0.38574305 
22.69 22.689989 -0.38197823 
22.7 22.699989 -0.3782365 
22.71 22.709989 -0.37451785 
22.72 22.719989 -0.37082223 
22.73 22.729989 -0.36714961 
22.74 22.739989 -0.36349996 
22.75 22.749989 -0.35987323 
22.76 22.759989 -0.3562694 
22.77 22.769989 -0.35268843 
22.78 22.779989 -0.34913028 
22.79 22.789989 -0.3455949 
22.8 22.799989 -0.34208227 
22.81 22.809989 -0.33859233 
22.82 22.819989 -0.33512506 
22.83 22.829989 -0.33168041 
22.84 22.839989 -0.32825834 
22.85 22.849989 -0.3248588 
22.86 22.859989 -0.32148175 
22.87 22.869989 -0.31812715 
22.88 22.879989 -0.31479496 
22.89 22.889989 -0.31148512 
22.9 22.899989 -0.3081976 
22.91 22.909989 -0.30493234 
22.92 22.919989 -0.30168931 
22.93 22.929989 -0.29846845 
22.94 22.939989 -0.29526971 
22.95 22.949989 -0.29209305 
22.96 22.959989 -0.28893842 
22.97 22.969989 -0.28580576 
22.98 22.979989 -0.28269503 
22.99 22.989989 -0.27960617 
23.0 22.999989 -0.27653914 
23.01 23.009989 -0.27349388 
23.02 23.019989 -0.27047033 
23.03 23.029989 -0.26746845 
23.04 23.039989 -0.26448818 
23.05 23.049989 -0.26152947 
23.06 23.059989 -0.25859226 
23.07 23.069989 -0.25567649 
23.08 23.079989 -0.25278211 
23.09 23.089989 -0.24990906 
23.1 23.099989 -0.24705728 
23.11 23.109989 -0.24422672 
23.12 23.119989 -0.24141732 
23.13 23.129989 -0.23862902 
23.14 23.139989 -0.23586175 
23.15 23.149989 -0.23311547 
23.16 23.159989 -0.2303901 
23.17 23.169989 -0.22768559 
23.18 23.179989 -0.22500187 
23.19 23.189989 -0.22233888 
23.2 23.199989 -0.21969657 
23.21 23.209989 -0.21707486 
23.22 23.219989 -0.2144737 
23.23 23.229989 -0.21189302 
23.24 23.239989 -0.20933275 
23.25 23.249989 -0.20679283 
23.26 23.259989 -0.20427319 
23.27 23.269989 -0.20177377 
23.28 23.279989 -0.1992945 
23.29 23.289989 -0.19683532 
23.3 23.299989 -0.19439615 
23.31 23.309989 -0.19197693 
23.32 23.319989 -0.1895776 
23.33 23.329989 -0.18719807 
23.34 23.339989 -0.18483829 
23.35 23.349989 -0.18249817 
23.36 23.359989 -0.18017767 
23.37 23.369989 -0.17787669 
23.38 23.379989 -0.17559518 
23.39 23.389989 -0.17333305 
23.4 23.399989 -0.17109025 
23.41 23.409989 -0.16886669 
23.42 23.419989 -0.16666231 
23.43 23.429989 -0.16447702 
23.44 23.439989 -0.16231077 
23.45 23.449989 -0.16016347 
23.46 23.459989 -0.15803505 
23.47 23.469989 -0.15592543 
23.48 23.479989 -0.15383455 
23.49 23.489989 -0.15176233 
23.5 23.499989 -0.14970868 
23.51 23.509989 -0.14767354 
23.52 23.519989 -0.14565683 
23.53 23.529989 -0.14365848 
23.54 23.539989 -0.1416784 
23.55 23.549989 -0.13971652 
23.56 23.559989 -0.13777277 
23.57 23.569989 -0.13584705 
23.58 23.579989 -0.13393931 
23.59 23.589989 -0.13204946 
23.6 23.599989 -0.13017741 
23.61 23.609989 -0.1283231 
23.62 23.619989 -0.12648644 
23.63 23.629989 -0.12466735 
23.64 23.639989 -0.12286576 
23.65 23.649989 -0.12108158 
23.66 23.659989 -0.11931474 
23.67 23.669989 -0.11756515 
23.68 23.679989 -0.11583273 
23.69 23.689989 -0.11411741 
23.7 23.699989 -0.1124191 
23.71 23.709989 -0.11073772 
23.72 23.719989 -0.10907319 
23.73 23.729989 -0.10742542 
23.74 23.739989 -0.10579434 
23.75 23.749989 -0.10417987 
23.76 23.759989 -0.10258192 
23.77 23.769989 -0.10100041 
23.78 23.779989 -0.099435251 
23.79 23.789989 -0.097886369 
23.8 23.799989 -0.096353679 
23.81 23.809989 -0.094837097 
23.82 23.819989 -0.093336541 
23.83 23.829989 -0.091851925 
23.84 23.839989 -0.090383168 
23.85 23.849989 -0.088930186 
23.86 23.859989 -0.087492894 
23.87 23.869989 -0.08607121 
23.88 23.879989 -0.084665048 
23.89 23.889989 -0.083274325 
23.9 23.899989 -0.081898956 
23.91 23.909989 -0.080538857 
23.92 23.919989 -0.079193945 
23.93 23.929989 -0.077864133 
23.94 23.939989 -0.076549338 
23.95 23.949989 -0.075249475 
23.96 23.959989 -0.073964459 
23.97 23.969989 -0.072694205 
23.98 23.979989 -0.071438629 
23.99 23.989989 -0.070197645 
24.0 23.999989 -0.068971168 
24.01 24.009989 -0.067759114 
24.02 24.019989 -0.066561397 
24.03 24.029989 -0.065377931 
24.04 24.039989 -0.064208633 
24.05 24.049989 -0.063053416 
24.06 24.059989 -0.061912196 
24.07 24.069989 -0.060784887 
24.08 24.079989 -0.059671404 
24.09 24.089989 -0.058571661 
24.1 24.099989 -0.057485574 
24.11 24.109989 -0.056413058 
24.12 24.119989 -0.055354026 
24.13 24.129989 -0.054308394 
24.14 24.139989 -0.053276076 
24.15 24.149989 -0.052256988 
24.16 24.159989 -0.051251044 
24.17 24.169989 -0.05025816 
24.18 24.179989 -0.049278249 
24.19 24.189989 -0.048311228 
24.2 24.199989 -0.047357011 
24.21 24.209989 -0.046415513 
24.22 24.219989 -0.04548665 
24.23 24.229989 -0.044570336 
24.24 24.239989 -0.043666488 
24.25 24.249989 -0.04277502 
24.26 24.259989 -0.041895848 
24.27 24.269989 -0.041028888 
24.28 24.279989 -0.040174055 
24.29 24.289989 -0.039331264 
24.3 24.299989 -0.038500433 
24.31 24.309989 -0.037681476 
24.32 24.319989 -0.036874311 
24.33 24.329989 -0.036078852 
24.34 24.339989 -0.035295017 
24.35 24.349989 -0.034522722 
24.36 24.359989 -0.033761883 
24.37 24.369989 -0.033012418 
24.38 24.379989 -0.032274242 
24.39 24.389989 -0.031547274 
24.4 24.399989 -0.03083143 
24.41 24.409989 -0.030126627 
24.42 24.419989 -0.029432784 
24.43 24.429989 -0.028749817 
24.44 24.439989 -0.028077644 
24.45 24.449989 -0.027416184 
24.46 24.459989 -0.026765354 
24.47 24.469989 -0.026125073 
24.48 24.479989 -0.02549526 
24.49 24.489989 -0.024875832 
24.5 24.499989 -0.02426671 
24.51 24.509989 -0.023667811 
24.52 24.519989 -0.023079055 
24.53 24.529989 -0.022500363 
24.54 24.539989 -0.021931652 
24.55 24.549989 -0.021372844 
24.56 24.559989 -0.020823858 
24.57 24.569989 -0.020284615 
24.58 24.579989 -0.019755035 
24.59 24.589989 -0.019235039 
24.6 24.599989 -0.018724548 
24.61 24.609989 -0.018223483 
24.62 24.619989 -0.017731766 
24.63 24.629989 -0.017249318 
24.64 24.639989 -0.016776062 
24.65 24.649989 -0.016311919 
24.66 24.659989 -0.015856811 
24.67 24.669988 -0.015410663 
24.68 24.679988 -0.014973396 
24.69 24.689988 -0.014544934 
24.7 24.699988 -0.0141252 
24.71 24.709988 -0.013714118 
24.72 24.719988 -0.013311612 
24.73 24.729988 -0.012917606 
24.74 24.739988 -0.012532025 
24.75 24.749988 -0.012154794 
24.76 24.759988 -0.011785837 
24.77 24.769988 -0.01142508 
24.78 24.779988 -0.011072449 
24.79 24.789988 -0.01072787 
24.8 24.799988 -0.010391269 
24.81 24.809988 -0.010062572 
24.82 24.819988 -0.0097417071 
24.83 24.829988 -0.0094286002 
24.84 24.839988 -0.0091231793 
24.85 24.849988 -0.0088253721 
24.86 24.859988 -0.0085351066 
24.87 24.869988 -0.0082523111 
24.88 24.879988 -0.0079769145 
24.89 24.889988 -0.0077088455 
24.9 24.899988 -0.0074480336 
24.91 24.909988 -0.0071944083 
24.92 24.919988 -0.0069478997 
24.93 24.929988 -0.0067084379 
24.94 24.939988 -0.0064759535 
24.95 24.949988 -0.0062503774 
24.96 24.959988 -0.006031641 
24.97 24.969988 -0.0058196756 
24.98 24.979988 -0.0056144133 
24.99 24.989988 -0.0054157863 
25.0 24.999988 -0.0052237272 
25.01 25.009988 -0.0050381687 
25.02 25.019988 -0.0048590443 
25.03 25.029988 -0.0046862874 
25.04 25.039988 -0.0045198321 
25.05 25.049988 -0.0043596125 
25.06 25.059988 -0.0042055633 
25.07 25.069988 -0.0040576195 
25.08 25.079988 -0.0039157163 
25.09 25.089988 -0.0037797894 
25.1 25.099988 -0.0036497749 
25.11 25.109988 -0.003525609 
25.12 25.119988 -0.0034072286 
25.13 25.129988 -0.0032945707 
25.14 25.139988 -0.0031875726 
25.15 25.149988 -0.0030861723 
25.16 25.159988 -0.0029903078 
25.17 25.169988 -0.0028999176 
25.18 25.179988 -0.0028149406 
25.19 25.189988 -0.0027353161 
25.2 25.199988 -0.0026609836 
25.21 25.209988 -0.002591883 
25.22 25.219988 -0.0025279546 
25.23 25.229988 -0.0024691392 
25.24 25.239988 -0.0024153778 
25.25 25.249988 -0.0023666118 
25.26 25.259988 -0.0023227829 
25.27 25.269988 -0.0022893826 
25.28 25.279988 -0.0022549957 
25.29 25.289988 -0.0022253832 
25.3 25.299988 -0.0022004878 
25.31 25.309988 -0.0021802531 
25.32 25.319988 -0.0021646227 
25.33 25.329988 -0.0021535406 
25.34 25.339988 -0.0021469515 
25.35 25.349988 -0.0021448 
25.36 25.359988 -0.0021470314 
25.37 25.369988 -0.0021535914 
25.38 25.379988 -0.0021644259 
25.39 25.389988 -0.0021794813 
25.4 25.399988 -0.0021987042 
25.41 25.409988 -0.0022220418 
25.42 25.419988 -0.0022494417 
25.43 25.429988 -0.0022808516 
25.44 25.439988 -0.0023162198 
25.45 25.449988 -0.0023554949 
25.46 25.459988 -0.0023986259 
25.47 25.469988 -0.0024455623 
25.48 25.479988 -0.0024962536 
25.49 25.489988 -0.0025506502 
25.5 25.499988 -0.0026087024 
25.51 25.509988 -0.0026703611 
25.52 25.519988 -0.0027355777 
25.53 25.529988 -0.0028043037 
25.54 25.539988 -0.0028764911 
25.55 25.549988 -0.0029520923 
25.56 25.559988 -0.00303106 
25.57 25.569988 -0.0031133474 
25.58 25.579988 -0.003198908 
25.59 25.589988 -0.0032876956 
25.6 25.599988 -0.0033796645 
25.61 25.609988 -0.0034747692 
25.62 25.619988 -0.0035729648 
25.63 25.629988 -0.0036742065 
25.64 25.639988 -0.0037784501 
25.65 25.649988 -0.0038856517 
25.66 25.659988 -0.0039957677 
25.67 25.669988 -0.0041087549 
25.68 25.679988 -0.0042245704 
25.69 25.689988 -0.0043431719 
25.7 25.699988 -0.0044645173 
25.71 25.709988 -0.0045885647 
25.72 25.719988 -0.0047152728 
25.73 25.729988 -0.0048446005 
25.74 25.739988 -0.0049765073 
25.75 25.749988 -0.0051109529 
25.76 25.759988 -0.0052478972 
25.77 25.769988 -0.0053873006 
25.78 25.779988 -0.0055291241 
25.79 25.789988 -0.0056733286 
25.8 25.799988 -0.0058198756 
25.81 25.809988 -0.005968727 
25.82 25.819988 -0.0061198449 
25.83 25.829988 -0.0062731919 
25.84 25.839988 -0.0064287308 
25.85 25.849988 -0.0065864248 
25.86 25.859988 -0.0067462375 
25.87 25.869988 -0.0069081328 
25.88 25.879988 -0.007072075 
25.89 25.889988 -0.0072380285 
25.9 25.899988 -0.0074059584 
25.91 25.909988 -0.0075758299 
25.92 25.919988 -0.0077476085 
25.93 25.929988 -0.0079212603 
25.94 25.939988 -0.0080967516 
25.95 25.949988 -0.0082740488 
25.96 25.959988 -0.0084531189 
25.97 25.969988 -0.0086339293 
25.98 25.979988 -0.0088164474 
25.99 25.989988 -0.0090006412 
26.0 25.999988 -0.009186479 
26.01 26.009988 -0.0093739292 
26.02 26.019988 -0.0095629608 
26.03 26.029988 -0.0097535431 
26.04 26.039988 -0.0099456454 
26.05 26.049988 -0.010139238 
26.06 26.059988 -0.01033429 
26.07 26.069988 -0.010530773 
26.08 26.079988 -0.010728657 
26.09 26.089988 -0.010927914 
26.1 26.099988 -0.011128515 
26.11 26.109988 -0.011330431 
26.12 26.119988 -0.011533635 
26.13 26.129988 -0.011738099 
26.14 26.139988 -0.011943795 
26.15 26.149988 -0.012150696 
26.16 26.159988 -0.012358777 
26.17 26.169988 -0.012568009 
26.18 26.179988 -0.012778368 
26.19 26.189988 -0.012989826 
26.2 26.199988 -0.013202359 
26.21 26.209988 -0.013415941 
26.22 26.219988 -0.013630548 
26.23 26.229988 -0.013846153 
26.24 26.239988 -0.014062734 
26.25 26.249988 -0.014280265 
26.26 26.259988 -0.014498723 
26.27 26.269988 -0.014718085 
26.28 26.279988 -0.014938326 
26.29 26.289988 -0.015159425 
26.3 26.299988 -0.015381357 
26.31 26.309988 -0.015604101 
26.32 26.319988 -0.015827634 
26.33 26.329988 -0.016051934 
26.34 26.339988 -0.016276981 
26.35 26.349988 -0.016502751 
26.36 26.359988 -0.016729224 
26.37 26.369988 -0.016956379 
26.38 26.379988 -0.017184196 
26.39 26.389988 -0.017412653 
26.4 26.399988 -0.017641732 
26.41 26.409988 -0.017871411 
26.42 26.419988 -0.018101671 
26.43 26.429988 -0.018332493 
26.44 26.439988 -0.018563858 
26.45 26.449988 -0.018795747 
26.46 26.459988 -0.019028141 
26.47 26.469988 -0.019261021 
26.48 26.479988 -0.01949437 
26.49 26.489988 -0.019728169 
26.5 26.499988 -0.019962401 
26.51 26.509988 -0.020197048 
26.52 26.519988 -0.020432094 
26.53 26.529988 -0.02066752 
26.54 26.539988 -0.020903311 
26.55 26.549988 -0.021139449 
26.56 26.559988 -0.021375918 
26.57 26.569988 -0.021612703 
26.58 26.579988 -0.021849787 
26.59 26.589988 -0.022087154 
26.6 26.599988 -0.02232479 
26.61 26.609988 -0.022562679 
26.62 26.619988 -0.022800805 
26.63 26.629988 -0.023039154 
26.64 26.639988 -0.023277712 
26.65 26.649988 -0.023516463 
26.66 26.659988 -0.023755394 
26.67 26.669988 -0.023994491 
26.68 26.679988 -0.02423374 
26.69 26.689988 -0.024473127 
26.7 26.699988 -0.024712638 
26.71 26.709988 -0.024952262 
26.72 26.719988 -0.025191984 
26.73 26.729988 -0.025431791 
26.74 26.739988 -0.025671672 
26.75 26.749988 -0.025911614 
26.76 26.759988 -0.026151603 
26.77 26.769988 -0.026391629 
26.78 26.779988 -0.02663168 
26.79 26.789988 -0.026871742 
26.8 26.799988 -0.027111806 
26.81 26.809987 -0.02735186 
26.82 26.819987 -0.027591891 
26.83 26.829987 -0.02783189 
26.84 26.839987 -0.028071846 
26.85 26.849987 -0.028311747 
26.86 26.859987 -0.028551584 
26.87 26.869987 -0.028791345 
26.88 26.879987 -0.02903102 
26.89 26.889987 -0.0292706 
26.9 26.899987 -0.029510075 
26.91 26.909987 -0.029749434 
26.92 26.919987 -0.029988668 
26.93 26.929987 -0.030227767 
26.94 26.939987 -0.030466723 
26.95 26.949987 -0.030705525 
26.96 26.959987 -0.030944165 
26.97 26.969987 -0.031182633 
26.98 26.979987 -0.031420922 
26.99 26.989987 -0.031659021 
27.0 26.999987 -0.031896922 
27.01 27.009987 -0.032134616 
27.02 27.019987 -0.032372096 
27.03 27.029987 -0.032609351 
27.04 27.039987 -0.032846374 
27.05 27.049987 -0.033083156 
27.06 27.059987 -0.033319687 
27.07 27.069987 -0.033555959 
27.08 27.079987 -0.033791961 
27.09 27.089987 -0.034027684 
27.1 27.099987 -0.034263114 
27.11 27.109987 -0.034498234 
27.12 27.119987 -0.03473302 
27.13 27.129987 -0.03496763 
27.14 27.139987 -0.035224079 
27.15 27.149987 -0.035480377 
27.16 27.159987 -0.035735925 
27.17 27.169987 -0.035990725 
27.18 27.179987 -0.036244778 
27.19 27.189987 -0.036498087 
27.2 27.199987 -0.036750653 
27.21 27.209987 -0.037002479 
27.22 27.219987 -0.037253566 
27.23 27.229987 -0.037503917 
27.24 27.239987 -0.037753533 
27.25 27.249987 -0.038002416 
27.26 27.259987 -0.038250568 
27.27 27.269987 -0.038497992 
27.28 27.279987 -0.038744689 
27.29 27.289987 -0.038990661 
27.3 27.299987 -0.03923591 
27.31 27.309987 -0.039480438 
27.32 27.319987 -0.039724247 
27.33 27.329987 -0.039967338 
27.34 27.339987 -0.040209715 
27.35 27.349987 -0.040451377 
27.36 27.359987 -0.040692329 
27.37 27.369987 -0.04093257 
27.38 27.379987 -0.041172104 
27.39 27.389987 -0.041410932 
27.4 27.399987 -0.041649056 
27.41 27.409987 -0.041886478 
27.42 27.419987 -0.0421232 
27.43 27.429987 -0.042359223 
27.44 27.439987 -0.04259455 
27.45 27.449987 -0.042829182 
27.46 27.459987 -0.043063121 
27.47 27.469987 -0.04329637 
27.48 27.479987 -0.043528929 
27.49 27.489987 -0.043760801 
27.5 27.499987 -0.043991987 
27.51 27.509987 -0.04422249 
27.52 27.519987 -0.044452311 
27.53 27.529987 -0.044681452 
27.54 27.539987 -0.044909915 
27.55 27.549987 -0.045137701 
27.56 27.559987 -0.045364813 
27.57 27.569987 -0.045591252 
27.58 27.579987 -0.04581702 
27.59 27.589987 -0.046042119 
27.6 27.599987 -0.04626655 
27.61 27.609987 -0.046490316 
27.62 27.619987 -0.046713418 
27.63 27.629987 -0.046935858 
27.64 27.639987 -0.047157638 
27.65 27.649987 -0.047378759 
27.66 27.659987 -0.047599223 
27.67 27.669987 -0.047819032 
27.68 27.679987 -0.048038188 
27.69 27.689987 -0.048256692 
27.7 27.699987 -0.048474546 
27.71 27.709987 -0.048691753 
27.72 27.719987 -0.048908312 
27.73 27.729987 -0.049124228 
27.74 27.739987 -0.0493395 
27.75 27.749987 -0.049554131 
27.76 27.759987 -0.049768123 
27.77 27.769987 -0.049981477 
27.78 27.779987 -0.050194195 
27.79 27.789987 -0.050406278 
27.8 27.799987 -0.050617729 
27.81 27.809987 -0.050828549 
27.82 27.819987 -0.051038739 
27.83 27.829987 -0.051248302 
27.84 27.839987 -0.051457239 
27.85 27.849987 -0.051665552 
27.86 27.859987 -0.051873242 
27.87 27.869987 -0.052080311 
27.88 27.879987 -0.05228676 
27.89 27.889987 -0.052492592 
27.9 27.899987 -0.052697808 
27.91 27.909987 -0.05290241 
27.92 27.919987 -0.053106399 
27.93 27.929987 -0.053309777 
27.94 27.939987 -0.053512546 
27.95 27.949987 -0.053714707 
27.96 27.959987 -0.053916261 
27.97 27.969987 -0.054117212 
27.98 27.979987 -0.054317559 
27.99 27.989987 -0.054517305 
28.0 27.999987 -0.054716451 
28.01 28.009987 -0.054914999 
28.02 28.019987 -0.05511295 
28.03 28.029987 -0.055310307 
28.04 28.039987 -0.05550707 
28.05 28.049987 -0.055703242 
28.06 28.059987 -0.055898824 
28.07 28.069987 -0.056093817 
28.08 28.079987 -0.056288223 
28.09 28.089987 -0.056482043 
28.1 28.099987 -0.05667528 
28.11 28.109987 -0.056867934 
28.12 28.119987 -0.057060008 
28.13 28.129987 -0.057251502 
28.14 28.139987 -0.057442419 
28.15 28.149987 -0.05763276 
28.16 28.159987 -0.057822527 
28.17 28.169987 -0.05801172 
28.18 28.179987 -0.058200342 
28.19 28.189987 -0.058388394 
28.2 28.199987 -0.058575878 
28.21 28.209987 -0.058762795 
28.22 28.219987 -0.058949146 
28.23 28.229987 -0.059134934 
28.24 28.239987 -0.059320159 
28.25 28.249987 -0.059504824 
28.26 28.259987 -0.059688929 
28.27 28.269987 -0.059872476 
28.28 28.279987 -0.060055468 
28.29 28.289987 -0.060237904 
28.3 28.299987 -0.060419787 
28.31 28.309987 -0.060601118 
28.32 28.319987 -0.060781899 
28.33 28.329987 -0.060962131 
28.34 28.339987 -0.061141816 
28.35 28.349987 -0.061320954 
28.36 28.359987 -0.061499549 
28.37 28.369987 -0.0616776 
28.38 28.379987 -0.06185511 
28.39 28.389987 -0.062032079 
28.4 28.399987 -0.06220851 
28.41 28.409987 -0.062384404 
28.42 28.419987 -0.062559762 
28.43 28.429987 -0.062734586 
28.44 28.439987 -0.062908877 
28.45 28.449987 -0.063082636 
28.46 28.459987 -0.063255866 
28.47 28.469987 -0.063428567 
28.48 28.479987 -0.063600741 
28.49 28.489987 -0.063772389 
28.5 28.499987 -0.063943512 
28.51 28.509987 -0.064114113 
28.52 28.519987 -0.064284192 
28.53 28.529987 -0.064453752 
28.54 28.539987 -0.064622792 
28.55 28.549987 -0.064791315 
28.56 28.559987 -0.064959323 
28.57 28.569987 -0.065126815 
28.58 28.579987 -0.065293795 
28.59 28.589987 -0.065460263 
28.6 28.599987 -0.065626221 
28.61 28.609987 -0.065791669 
28.62 28.619987 -0.06595661 
28.63 28.629987 -0.066121045 
28.64 28.639987 -0.066284974 
28.65 28.649987 -0.066448401 
28.66 28.659987 -0.066611325 
28.67 28.669987 -0.066773748 
28.68 28.679987 -0.066935672 
28.69 28.689987 -0.067097097 
28.7 28.699987 -0.067258026 
28.71 28.709987 -0.06741846 
28.72 28.719987 -0.067578399 
28.73 28.729987 -0.067737845 
28.74 28.739987 -0.067896801 
28.75 28.749987 -0.068055266 
28.76 28.759987 -0.068213242 
28.77 28.769987 -0.06837073 
28.78 28.779987 -0.068527733 
28.79 28.789987 -0.068684251 
28.8 28.799987 -0.068840285 
28.81 28.809987 -0.068995837 
28.82 28.819987 -0.069150908 
28.83 28.829987 -0.069305499 
28.84 28.839987 -0.069459612 
28.85 28.849987 -0.069613248 
28.86 28.859987 -0.069766409 
28.87 28.869987 -0.069919095 
28.88 28.879987 -0.070071307 
28.89 28.889987 -0.070223048 
28.9 28.899987 -0.070374318 
28.91 28.909987 -0.070525119 
28.92 28.919987 -0.070675451 
28.93 28.929987 -0.070825317 
28.94 28.939987 -0.070974718 
28.95 28.949987 -0.071123654 
28.96 28.959986 -0.071272127 
28.97 28.969986 -0.071420138 
28.98 28.979986 -0.071567688 
28.99 28.989986 -0.07171478 
29.0 28.999986 -0.071861413 
29.01 29.009986 -0.07200759 
29.02 29.019986 -0.072153311 
29.03 29.029986 -0.072298577 
29.04 29.039986 -0.072443391 
29.05 29.049986 -0.072587752 
29.06 29.059986 -0.072731663 
29.07 29.069986 -0.072875125 
29.08 29.079986 -0.073018138 
29.09 29.089986 -0.073160705 
29.1 29.099986 -0.073302825 
29.11 29.109986 -0.073444501 
29.12 29.119986 -0.073585734 
29.13 29.129986 -0.073726524 
29.14 29.139986 -0.073866874 
29.15 29.149986 -0.074006783 
29.16 29.159986 -0.074146255 
29.17 29.169986 -0.074285288 
29.18 29.179986 -0.074423886 
29.19 29.189986 -0.074562048 
29.2 29.199986 -0.074699777 
29.21 29.209986 -0.074837073 
29.22 29.219986 -0.074973938 
29.23 29.229986 -0.075110372 
29.24 29.239986 -0.075246377 
29.25 29.249986 -0.075381954 
29.26 29.259986 -0.075517105 
29.27 29.269986 -0.075651829 
29.28 29.279986 -0.07578613 
29.29 29.289986 -0.075920006 
29.3 29.299986 -0.076053461 
29.31 29.309986 -0.076186495 
29.32 29.319986 -0.076319108 
29.33 29.329986 -0.076451303 
29.34 29.339986 -0.076583081 
29.35 29.349986 -0.076714442 
29.36 29.359986 -0.076845387 
29.37 29.369986 -0.076975918 
29.38 29.379986 -0.077106037 
29.39 29.389986 -0.077235743 
29.4 29.399986 -0.077365038 
29.41 29.409986 -0.077493924 
29.42 29.419986 -0.077622401 
29.43 29.429986 -0.077750471 
29.44 29.439986 -0.077878134 
29.45 29.449986 -0.078005392 
29.46 29.459986 -0.078132246 
29.47 29.469986 -0.078258696 
29.48 29.479986 -0.078384745 
29.49 29.489986 -0.078510393 
29.5 29.499986 -0.078635641 
29.51 29.509986 -0.07876049 
29.52 29.519986 -0.078884942 
29.53 29.529986 -0.079008998 
29.54 29.539986 -0.079132657 
29.55 29.549986 -0.079255923 
29.56 29.559986 -0.079378795 
29.57 29.569986 -0.079501275 
29.58 29.579986 -0.079623364 
29.59 29.589986 -0.079745063 
29.6 29.599986 -0.079866373 
29.61 29.609986 -0.079987294 
29.62 29.619986 -0.080107829 
29.63 29.629986 -0.080227979 
29.64 29.639986 -0.080347743 
29.65 29.649986 -0.080467124 
29.66 29.659986 -0.080586122 
29.67 29.669986 -0.080704738 
29.68 29.679986 -0.080822974 
29.69 29.689986 -0.08094083 
29.7 29.699986 -0.081058308 
29.71 29.709986 -0.081175408 
29.72 29.719986 -0.081292132 
29.73 29.729986 -0.081408481 
29.74 29.739986 -0.081524455 
29.75 29.749986 -0.081640055 
29.76 29.759986 -0.081755284 
29.77 29.769986 -0.081870141 
29.78 29.779986 -0.081984628 
29.79 29.789986 -0.082098746 
29.8 29.799986 -0.082212495 
29.81 29.809986 -0.082325877 
29.82 29.819986 -0.082438893 
29.83 29.829986 -0.082551543 
29.84 29.839986 -0.08266383 
29.85 29.849986 -0.082775753 
29.86 29.859986 -0.082887314 
29.87 29.869986 -0.082998513 
29.88 29.879986 -0.083109353 
29.89 29.889986 -0.083219833 
29.9 29.899986 -0.083329955 
29.91 29.909986 -0.083439719 
29.92 29.919986 -0.083549127 
29.93 29.929986 -0.08365818 
29.94 29.939986 -0.083766879 
29.95 29.949986 -0.083875224 
29.96 29.959986 -0.083983217 
29.97 29.969986 -0.084090858 
29.98 29.979986 -0.084198148 
29.99 29.989986 -0.08430509 
30.0 29.999986 -0.084411682 
